##########################################
# These problems were randomly generated.
##########################################
problem_set_number: 4
problems: 100

data:

 - problem: 1
   correct_answer: 1673
   prices: [145,131,218,106,159,183,157,148,218,174]
   fee: 20

 - problem: 2
   correct_answer: 2893
   prices: [225,189,236,321,229,228,316,363,340,385]
   fee: 37

 - problem: 3
   correct_answer: 2439
   prices: [346,254,220,176,260,194,192,173,336,220]
   fee: 34

 - problem: 4
   correct_answer: 2440
   prices: [156,237,289,192,331,170,324,219,161,299]
   fee: 31

 - problem: 5
   correct_answer: 2093
   prices: [239,226,307,146,174,177,157,165,193,261]
   fee: 28

 - problem: 6
   correct_answer: 2102
   prices: [162,194,259,231,238,177,152,208,269,168]
   fee: 25

 - problem: 7
   correct_answer: 1622
   prices: [130,209,128,183,177,133,216,118,164,120]
   fee: 22

 - problem: 8
   correct_answer: 3132
   prices: [351,222,323,283,322,263,208,412,328,351]
   fee: 39

 - problem: 9
   correct_answer: 2697
   prices: [233,336,188,223,336,210,245,246,305,303]
   fee: 36

 - problem: 10
   correct_answer: 2632
   prices: [168,332,219,169,271,236,250,344,296,290]
   fee: 33

 - problem: 11
   correct_answer: 2582
   prices: [310,226,251,271,291,163,227,159,161,257,211]
   fee: 30

 - problem: 12
   correct_answer: 2336
   prices: [247,173,295,236,206,287,170,168,155,154,197]
   fee: 27

 - problem: 13
   correct_answer: 2137
   prices: [190,222,203,185,229,193,131,220,150,212,154]
   fee: 24

 - problem: 14
   correct_answer: 1725
   prices: [132,107,196,215,134,105,159,143,151,156,182]
   fee: 21

 - problem: 15
   correct_answer: 3059
   prices: [202,333,258,217,254,196,333,315,249,237,389]
   fee: 38

 - problem: 16
   correct_answer: 3201
   prices: [356,366,370,274,215,225,239,233,344,314,214]
   fee: 35

 - problem: 17
   correct_answer: 2886
   prices: [165,225,242,253,213,318,311,230,342,326,208]
   fee: 32

 - problem: 18
   correct_answer: 2577
   prices: [280,216,290,200,182,273,293,179,204,166,235]
   fee: 29

 - problem: 19
   correct_answer: 1982
   prices: [180,217,155,138,158,141,190,193,193,171,186]
   fee: 26

 - problem: 20
   correct_answer: 2079
   prices: [230,122,193,233,135,227,235,194,145,133,186]
   fee: 23

 - problem: 21
   correct_answer: 2076
   prices: [201,113,177,185,126,124,204,220,209,201,127,158]
   fee: 20

 - problem: 22
   correct_answer: 3292
   prices: [217,345,315,355,216,188,264,374,189,232,248,256]
   fee: 37

 - problem: 23
   correct_answer: 3410
   prices: [222,352,367,254,255,251,366,367,196,170,300,242]
   fee: 34

 - problem: 24
   correct_answer: 3002
   prices: [284,179,275,186,297,220,165,250,210,233,305,337]
   fee: 31

 - problem: 25
   correct_answer: 2609
   prices: [164,197,143,242,218,251,225,161,293,263,229,158]
   fee: 28

 - problem: 26
   correct_answer: 2472
   prices: [223,188,235,247,191,275,211,275,137,128,143,173]
   fee: 25

 - problem: 27
   correct_answer: 2150
   prices: [121,218,120,197,232,231,140,133,210,183,154,162]
   fee: 22

 - problem: 28
   correct_answer: 3737
   prices: [396,227,256,269,304,376,417,306,426,239,231,214]
   fee: 39

 - problem: 29
   correct_answer: 3759
   prices: [347,323,231,355,328,227,367,288,181,385,372,295]
   fee: 36

 - problem: 30
   correct_answer: 3257
   prices: [248,361,233,277,240,186,279,248,318,258,206,332]
   fee: 33

 - problem: 31
   correct_answer: 3186
   prices: [239,153,235,154,279,190,267,318,312,242,201,264,270]
   fee: 30

 - problem: 32
   correct_answer: 2889
   prices: [278,217,238,284,283,228,226,264,178,169,172,169,137]
   fee: 27

 - problem: 33
   correct_answer: 2510
   prices: [196,135,191,144,145,250,187,176,213,165,189,231,239]
   fee: 24

 - problem: 34
   correct_answer: 2284
   prices: [162,192,199,154,164,153,175,158,132,178,222,199,148]
   fee: 21

 - problem: 35
   correct_answer: 3887
   prices: [265,359,257,300,300,291,300,214,203,418,264,254,370]
   fee: 38

 - problem: 36
   correct_answer: 3976
   prices: [285,366,290,319,288,379,212,377,338,301,178,321,254]
   fee: 35

 - problem: 37
   correct_answer: 3458
   prices: [186,321,318,234,320,285,212,324,214,285,272,256,160]
   fee: 32

 - problem: 38
   correct_answer: 3293
   prices: [252,239,173,278,289,244,237,275,213,317,222,218,275]
   fee: 29

 - problem: 39
   correct_answer: 2641
   prices: [229,244,136,151,168,169,164,282,215,249,234,162,182]
   fee: 26

 - problem: 40
   correct_answer: 2171
   prices: [191,115,169,126,162,241,160,115,135,214,145,202,138]
   fee: 23

 - problem: 41
   correct_answer: 2294
   prices: [141,138,220,187,107,153,136,158,184,106,199,200,167,147]
   fee: 20

 - problem: 42
   correct_answer: 4493
   prices: [288,383,400,406,345,313,266,336,276,360,237,259,261,292]
   fee: 37

 - problem: 43
   correct_answer: 4084
   prices: [371,261,360,266,242,243,247,291,204,327,246,351,372,240]
   fee: 34

 - problem: 44
   correct_answer: 3259
   prices: [167,309,156,204,232,293,337,237,244,214,258,155,220,156]
   fee: 31

 - problem: 45
   correct_answer: 3177
   prices: [306,283,226,227,262,190,249,263,223,144,156,170,213,204]
   fee: 28

 - problem: 46
   correct_answer: 2910
   prices: [158,205,230,257,231,238,226,199,140,125,183,186,213,267]
   fee: 25

 - problem: 47
   correct_answer: 2364
   prices: [186,203,154,162,154,238,176,114,214,187,154,111,125,128]
   fee: 22

 - problem: 48
   correct_answer: 4614
   prices: [339,367,395,371,326,253,331,255,318,298,373,236,307,357]
   fee: 39

 - problem: 49
   correct_answer: 4238
   prices: [342,192,306,347,287,207,203,283,368,263,370,352,331,307]
   fee: 36

 - problem: 50
   correct_answer: 3368
   prices: [217,303,241,348,239,218,279,190,186,168,168,297,172,253]
   fee: 33

 - problem: 51
   correct_answer: 3447
   prices: [177,254,206,305,206,151,163,217,326,179,182,314,232,249,196]
   fee: 30

 - problem: 52
   correct_answer: 3495
   prices: [287,152,243,216,269,257,188,145,219,239,258,247,286,228,196]
   fee: 27

 - problem: 53
   correct_answer: 2859
   prices: [160,127,198,145,198,208,145,173,243,239,214,191,159,157,232]
   fee: 24

 - problem: 54
   correct_answer: 2256
   prices: [144,143,202,125,125,142,120,163,123,160,153,140,227,113,113]
   fee: 21

 - problem: 55
   correct_answer: 4719
   prices: [380,218,325,297,405,217,411,317,256,399,352,259,321,255,215]
   fee: 38

 - problem: 56
   correct_answer: 4101
   prices: [217,291,250,186,346,182,210,228,271,236,333,365,279,289,329]
   fee: 35

 - problem: 57
   correct_answer: 4366
   prices: [241,256,284,340,337,350,291,251,306,257,255,245,213,345,344]
   fee: 32

 - problem: 58
   correct_answer: 3532
   prices: [297,288,192,216,265,154,221,276,162,239,208,234,263,201,241]
   fee: 29

 - problem: 59
   correct_answer: 3224
   prices: [250,166,273,189,269,271,138,227,261,149,137,174,174,231,254]
   fee: 26

 - problem: 60
   correct_answer: 2821
   prices: [218,191,131,149,213,218,182,165,186,206,231,149,144,247,124]
   fee: 23

 - problem: 61
   correct_answer: 2618
   prices: [213,133,118,204,130,213,102,212,183,170,137,150,106,209,151,130]
   fee: 20

 - problem: 62
   correct_answer: 4740
   prices: [207,205,225,405,354,187,381,293,367,343,295,319,252,257,223,320]
   fee: 37

 - problem: 63
   correct_answer: 4729
   prices: [330,262,230,306,344,324,219,183,320,261,323,298,292,316,274,370]
   fee: 34

 - problem: 64
   correct_answer: 4163
   prices: [246,296,248,301,262,228,290,312,222,266,174,169,337,242,238,248]
   fee: 31

 - problem: 65
   correct_answer: 3736
   prices: [276,293,264,161,202,200,169,297,266,168,201,170,271,299,272,160]
   fee: 28

 - problem: 66
   correct_answer: 3189
   prices: [176,212,207,128,199,174,216,153,225,250,244,196,218,150,234,136]
   fee: 25

 - problem: 67
   correct_answer: 2863
   prices: [220,198,159,176,128,136,131,229,133,129,207,158,241,217,204,141]
   fee: 22

 - problem: 68
   correct_answer: 5054
   prices: [265,265,248,310,320,366,376,272,248,297,284,323,294,373,322,388]
   fee: 39

 - problem: 69
   correct_answer: 5054
   prices: [343,306,282,392,297,372,197,340,231,270,396,239,342,362,299,305]
   fee: 36

 - problem: 70
   correct_answer: 4321
   prices: [248,227,199,168,308,327,249,292,191,219,340,323,324,262,215,344]
   fee: 33

 - problem: 71
   correct_answer: 4098
   prices: [231,308,257,317,152,150,271,303,182,204,240,163,181,313,179,269,294]
   fee: 30

 - problem: 72
   correct_answer: 3327
   prices: [236,197,212,157,142,140,137,222,205,211,268,142,229,147,177,195,223]
   fee: 27

 - problem: 73
   correct_answer: 3561
   prices: [252,189,238,206,134,217,257,127,226,201,205,222,260,216,220,191,140]
   fee: 24

 - problem: 74
   correct_answer: 2802
   prices: [225,114,107,192,112,199,115,200,159,193,197,149,181,112,157,153,171]
   fee: 21

 - problem: 75
   correct_answer: 5696
   prices: [369,340,226,272,399,392,332,284,392,383,362,303,279,282,358,258,380]
   fee: 38

 - problem: 76
   correct_answer: 4685
   prices: [261,186,255,268,289,337,345,237,306,213,180,217,352,236,379,209,313]
   fee: 35

 - problem: 77
   correct_answer: 4586
   prices: [181,186,223,248,294,343,322,313,214,262,280,256,262,306,253,233,329]
   fee: 32

 - problem: 78
   correct_answer: 4382
   prices: [220,231,301,275,249,306,195,186,316,177,269,292,289,232,277,307,195]
   fee: 29

 - problem: 79
   correct_answer: 3860
   prices: [162,204,265,237,238,223,268,271,220,209,260,256,212,153,159,221,240]
   fee: 26

 - problem: 80
   correct_answer: 3268
   prices: [232,126,127,244,242,243,117,237,159,230,246,215,170,129,159,147,182]
   fee: 23

 - problem: 81
   correct_answer: 3025
   prices: [108,202,163,141,198,196,106,164,143,103,208,145,208,207,195,135,194,148]
   fee: 20

 - problem: 82
   correct_answer: 5435
   prices: [224,300,230,319,258,379,249,320,349,206,404,216,255,286,296,343,310,380]
   fee: 37

 - problem: 83
   correct_answer: 4973
   prices: [199,297,276,303,204,331,257,198,212,353,274,260,195,264,303,342,334,264]
   fee: 34

 - problem: 84
   correct_answer: 4241
   prices: [265,156,238,175,215,303,182,203,205,264,305,270,184,227,312,212,185,234]
   fee: 31

 - problem: 85
   correct_answer: 4302
   prices: [275,292,270,252,227,172,299,279,233,180,181,188,179,219,249,289,270,178]
   fee: 28

 - problem: 86
   correct_answer: 3533
   prices: [201,210,178,187,206,263,127,153,272,215,168,150,223,224,127,139,271,135]
   fee: 25

 - problem: 87
   correct_answer: 3199
   prices: [143,113,200,211,237,156,217,179,125,136,239,111,168,177,242,184,163,120]
   fee: 22

 - problem: 88
   correct_answer: 5771
   prices: [328,365,219,403,291,365,340,363,203,352,342,233,315,266,386,202,370,303]
   fee: 39

 - problem: 89
   correct_answer: 5227
   prices: [347,217,296,222,189,201,386,275,264,388,260,205,396,294,221,227,349,392]
   fee: 36

 - problem: 90
   correct_answer: 4769
   prices: [280,300,202,304,304,172,235,223,208,175,343,222,239,330,175,314,353,296]
   fee: 33

 - problem: 91
   correct_answer: 4688
   prices: [206,227,305,297,322,284,175,246,191,187,269,268,262,164,189,257,306,174,268]
   fee: 30

 - problem: 92
   correct_answer: 4087
   prices: [227,176,262,185,248,209,208,264,232,175,270,211,195,186,233,143,195,161,209]
   fee: 27

 - problem: 93
   correct_answer: 3831
   prices: [232,261,150,221,169,121,252,153,258,191,124,197,243,164,229,174,245,156,217]
   fee: 24

 - problem: 94
   correct_answer: 3305
   prices: [193,210,148,198,224,109,213,140,175,129,115,224,231,192,128,139,210,115,151]
   fee: 21

 - problem: 95
   correct_answer: 6345
   prices: [387,340,329,364,333,415,299,306,327,342,323,277,332,228,399,296,354,317,273]
   fee: 38

 - problem: 96
   correct_answer: 5114
   prices: [347,215,249,330,185,318,355,183,239,238,209,263,189,302,260,289,185,378,267]
   fee: 35

 - problem: 97
   correct_answer: 5233
   prices: [326,313,349,216,298,262,272,333,215,175,311,346,254,200,195,334,175,232,346]
   fee: 32

 - problem: 98
   correct_answer: 4008
   prices: [170,175,198,236,192,186,316,167,292,170,157,217,253,203,271,147,215,147,187]
   fee: 29

 - problem: 99
   correct_answer: 4056
   prices: [282,191,175,240,201,190,260,240,141,170,223,205,269,255,211,210,197,140,179]
   fee: 26

 - problem: 100
   correct_answer: 3783
   prices: [247,203,148,164,164,253,248,211,179,150,212,244,210,121,229,205,154,162,215]
   fee: 23
