##########################################
# These problems were randomly generated.
##########################################
problem_set_number: 6
problems: 100

data:

 - problem: 1
   correct_answer: 129
   processing_times: [91,83,81,74,73,67,64,62,100,93,86,83,80,75,67,66]
   energy_consumption: [50,54,57,60,65,69,70,75,51,54,58,60,65,68,70,73]
   maxEnergy: 146

 - problem: 2
   correct_answer: 143
   processing_times: [94,93,91,84,79,76,75,65,95,92,91,87,77,67,58,49]
   energy_consumption: [53,55,59,63,63,63,68,68,52,54,56,56,61,63,65,66]
   maxEnergy: 119

 - problem: 3
   correct_answer: 140
   processing_times: [97,95,91,87,84,74,68,58,96,89,86,86,83,82,81,80]
   energy_consumption: [55,57,60,60,62,62,65,70,54,55,59,63,68,68,72,73]
   maxEnergy: 141

 - problem: 4
   correct_answer: 144
   processing_times: [94,89,81,79,74,73,67,63,99,97,88,81,71,63,53,44]
   energy_consumption: [55,59,59,61,65,69,69,72,55,57,61,65,70,71,73,78]
   maxEnergy: 131

 - problem: 5
   correct_answer: 130
   processing_times: [90,87,86,77,68,65,55,54,96,94,93,91,83,79,76,76]
   energy_consumption: [55,60,61,61,64,66,69,70,52,54,58,61,62,63,66,70]
   maxEnergy: 159

 - problem: 6
   correct_answer: 120
   processing_times: [100,91,87,87,79,74,68,61,95,89,81,76,73,72,66,59]
   energy_consumption: [50,51,54,56,61,66,70,71,53,57,57,57,59,61,63,68]
   maxEnergy: 154

 - problem: 7
   correct_answer: 142
   processing_times: [95,86,78,68,64,63,59,59,100,99,97,89,79,70,61,57]
   energy_consumption: [51,51,53,56,57,57,61,64,55,59,59,60,61,65,70,72]
   maxEnergy: 119

 - problem: 8
   correct_answer: 132
   processing_times: [98,98,89,87,86,86,79,78,92,82,76,67,67,67,62,54]
   energy_consumption: [53,57,60,63,65,65,66,70,53,55,57,59,60,62,65,68]
   maxEnergy: 148

 - problem: 9
   correct_answer: 117
   processing_times: [92,90,82,80,70,60,52,49,98,95,89,87,82,78,70,68]
   energy_consumption: [52,56,61,62,65,66,68,69,55,57,60,63,63,63,65,65]
   maxEnergy: 146

 - problem: 10
   correct_answer: 115
   processing_times: [94,85,85,79,74,72,65,58,91,85,75,71,70,60,57,48]
   energy_consumption: [52,52,54,58,62,65,65,65,51,56,58,60,65,69,74,79]
   maxEnergy: 139

 - problem: 11
   correct_answer: 276
   processing_times: [96,89,81,72,65,61,58,55,96,96,96,89,82,79,76,68,94,92,88,87,83,80,80,78,98,94,85,83,81,80,80,70]
   energy_consumption: [55,55,57,59,59,61,63,66,53,56,61,65,68,68,70,74,55,60,65,67,69,73,75,78,51,53,58,61,62,62,63,64]
   maxEnergy: 276

 - problem: 12
   correct_answer: 227
   processing_times: [99,97,87,80,70,70,63,54,93,93,85,85,79,74,67,63,91,88,81,72,69,65,57,55,100,92,85,81,80,73,65,55]
   energy_consumption: [53,56,58,62,64,64,65,68,53,54,58,63,65,67,70,72,50,52,52,52,56,58,59,64,51,51,51,51,54,56,57,59]
   maxEnergy: 286

 - problem: 13
   correct_answer: 254
   processing_times: [97,97,87,85,83,83,83,77,91,91,87,80,70,70,62,55,90,81,73,70,62,60,55,45,95,89,81,81,80,73,64,60]
   energy_consumption: [53,54,56,60,60,63,68,68,55,56,58,61,61,61,63,65,51,51,54,59,60,63,67,67,54,55,56,60,65,69,71,72]
   maxEnergy: 258

 - problem: 14
   correct_answer: 277
   processing_times: [93,89,89,84,81,77,69,67,97,94,93,84,76,75,72,69,92,92,82,82,79,72,69,67,91,90,89,84,84,79,79,74]
   energy_consumption: [51,54,54,58,63,67,71,74,51,52,55,57,62,64,64,69,50,50,52,57,57,58,63,63,52,55,57,62,66,67,69,70]
   maxEnergy: 315

 - problem: 15
   correct_answer: 295
   processing_times: [96,94,92,84,80,70,63,55,98,94,88,84,74,68,62,53,95,87,85,81,77,69,64,55,91,89,87,83,79,79,77,71]
   energy_consumption: [51,53,56,59,61,64,69,72,51,53,56,60,60,63,66,71,50,52,55,55,59,59,64,64,53,57,58,59,59,61,63,68]
   maxEnergy: 239

 - problem: 16
   correct_answer: 292
   processing_times: [100,100,99,99,98,88,86,78,93,90,85,76,75,74,66,63,91,82,81,77,71,65,65,58,90,85,83,80,75,75,73,64]
   energy_consumption: [54,54,57,59,63,64,64,65,54,56,56,61,63,65,66,68,51,56,58,58,59,59,60,62,55,55,55,60,65,69,71,72]
   maxEnergy: 245

 - problem: 17
   correct_answer: 257
   processing_times: [95,91,85,75,65,61,51,47,94,91,85,75,71,69,64,54,98,98,95,93,92,92,91,88,98,97,90,85,83,73,69,68]
   energy_consumption: [51,52,56,58,58,58,62,66,54,54,57,57,59,64,64,67,55,57,61,63,67,69,69,72,50,50,53,58,62,64,68,73]
   maxEnergy: 305

 - problem: 18
   correct_answer: 238
   processing_times: [95,88,81,76,75,66,61,55,95,95,89,82,82,73,64,59,100,91,87,84,83,75,65,57,98,94,89,87,77,71,67,67]
   energy_consumption: [54,54,54,58,61,65,69,71,52,55,60,62,65,66,71,76,52,55,55,59,62,62,63,65,50,53,57,61,64,66,70,74]
   maxEnergy: 292

 - problem: 19
   correct_answer: 290
   processing_times: [91,91,91,87,84,81,72,62,93,87,80,77,77,68,65,65,94,85,80,78,71,71,67,65,90,88,85,78,74,73,64,64]
   energy_consumption: [54,54,56,56,57,61,62,63,53,57,62,66,71,76,81,86,55,57,58,58,63,68,69,73,55,55,55,57,61,65,67,69]
   maxEnergy: 248

 - problem: 20
   correct_answer: 303
   processing_times: [94,90,81,73,72,72,70,69,96,86,86,85,81,79,74,65,93,86,85,83,78,70,67,67,94,85,82,72,65,61,59,49]
   energy_consumption: [55,55,59,62,66,70,74,78,51,52,55,56,56,57,58,62,55,59,61,61,65,70,74,79,51,52,52,53,55,59,61,66]
   maxEnergy: 232

 - problem: 21
   correct_answer: 481
   processing_times: [100,90,80,73,71,61,58,48,93,87,84,81,71,63,60,59,96,90,84,75,68,63,53,52,91,90,88,80,72,71,70,67,99,89,88,84,75,70,68,58,92,87,79,78,69,65,58,55]
   energy_consumption: [51,52,53,58,58,59,61,62,54,59,59,59,61,65,67,72,52,53,55,56,60,65,65,70,54,59,62,62,64,66,70,71,53,57,57,59,60,60,63,65,54,55,55,58,63,67,72,73]
   maxEnergy: 336

 - problem: 22
   correct_answer: 523
   processing_times: [99,97,91,89,79,71,70,62,99,97,93,92,92,83,77,69,93,89,80,71,66,57,56,56,91,87,81,72,72,62,60,51,95,92,88,87,81,73,65,64,97,89,88,87,83,77,77,71]
   energy_consumption: [52,52,55,59,60,64,66,68,54,58,63,64,64,66,66,68,54,55,59,59,64,67,70,75,51,54,58,63,67,70,75,76,52,57,59,62,62,64,68,70,50,54,54,57,62,67,69,73]
   maxEnergy: 330

 - problem: 23
   correct_answer: 401
   processing_times: [94,91,91,88,78,77,70,69,94,89,83,75,73,66,66,57,95,95,88,79,70,64,57,47,91,89,79,76,69,62,60,55,100,97,94,84,81,75,67,59,94,90,83,73,72,66,66,61]
   energy_consumption: [50,53,56,61,61,64,69,74,53,54,55,60,64,64,69,70,54,58,61,65,66,67,69,71,54,54,57,60,63,63,67,70,55,55,58,63,63,64,68,71,54,56,56,57,62,64,68,73]
   maxEnergy: 377

 - problem: 24
   correct_answer: 412
   processing_times: [91,90,86,82,80,72,72,63,93,93,91,90,89,83,77,73,96,90,86,80,70,67,67,63,91,90,80,80,78,73,66,58,93,87,78,72,67,62,52,50,92,90,80,75,66,60,59,58]
   energy_consumption: [52,54,55,60,64,67,68,68,53,56,59,62,65,67,68,69,55,58,59,59,62,66,67,68,55,60,61,66,68,69,73,73,51,56,59,62,64,65,65,67,51,55,60,64,68,68,71,76]
   maxEnergy: 382

 - problem: 25
   correct_answer: 367
   processing_times: [90,80,79,72,64,56,53,53,100,93,83,75,74,66,65,56,92,82,77,76,74,72,63,62,90,87,87,84,80,76,75,65,97,93,84,84,79,73,67,61,91,90,82,77,76,75,73,69]
   energy_consumption: [53,58,63,68,69,69,70,75,54,55,57,57,58,61,61,63,53,55,60,62,67,72,76,79,50,52,56,59,62,62,62,63,51,53,56,56,60,65,69,69,55,57,60,60,63,68,69,72]
   maxEnergy: 415

 - problem: 26
   correct_answer: 310
   processing_times: [97,96,88,80,77,67,62,52,94,86,84,74,65,63,54,49,98,88,83,75,68,59,53,43,95,92,87,79,75,65,60,51,99,98,98,90,83,78,75,68,93,83,74,71,64,61,52,47]
   energy_consumption: [53,57,58,60,61,65,67,72,50,55,56,56,56,57,62,67,50,55,58,60,64,69,74,75,55,58,59,61,63,64,65,66,51,54,57,58,62,64,68,71,51,54,56,58,58,58,60,62]
   maxEnergy: 433

 - problem: 27
   correct_answer: 505
   processing_times: [94,90,90,86,86,84,83,77,100,100,90,88,82,82,82,81,96,91,85,80,79,71,70,68,97,94,90,89,87,82,72,70,99,92,89,88,85,75,72,71,94,91,85,75,67,61,58,57]
   energy_consumption: [51,53,58,63,67,68,71,75,52,56,60,62,66,67,72,74,51,54,56,61,64,65,70,71,54,59,61,66,70,75,78,83,54,57,62,62,63,64,68,69,53,57,62,67,70,72,73,76]
   maxEnergy: 354

 - problem: 28
   correct_answer: 467
   processing_times: [97,96,95,91,88,86,84,84,92,89,87,83,80,71,63,58,99,91,88,84,84,83,78,76,98,88,86,80,73,67,58,57,94,90,87,80,80,77,70,67,91,86,83,79,77,67,61,61]
   energy_consumption: [55,58,62,64,69,73,77,80,53,55,60,63,66,66,69,69,53,55,55,56,58,58,62,65,53,58,62,62,62,63,67,69,50,51,56,56,56,61,66,66,55,60,62,67,67,69,69,71]
   maxEnergy: 360

 - problem: 29
   correct_answer: 369
   processing_times: [99,97,94,84,80,79,72,65,93,84,79,76,76,74,68,62,98,92,82,80,72,67,67,64,96,94,92,92,84,75,69,69,100,93,87,79,73,69,59,51,93,90,81,81,77,68,60,58]
   energy_consumption: [54,58,60,61,66,70,71,73,50,51,53,56,57,60,62,65,52,53,54,57,57,60,65,67,55,60,65,69,72,73,78,82,53,54,59,60,60,64,66,67,52,55,59,63,67,67,68,72]
   maxEnergy: 437

 - problem: 30
   correct_answer: 353
   processing_times: [95,91,89,86,82,74,70,64,96,96,95,89,82,73,65,61,93,85,83,81,75,73,69,64,97,88,79,71,66,61,59,55,95,86,79,79,74,66,57,49,92,88,87,79,73,63,60,60]
   energy_consumption: [54,54,54,58,61,61,64,68,55,56,56,57,62,62,66,66,52,56,60,62,62,66,67,72,54,56,61,61,64,66,68,71,51,52,55,60,65,68,68,71,55,56,60,63,66,71,76,78]
   maxEnergy: 457

 - problem: 31
   correct_answer: 486
   processing_times: [91,85,75,69,65,60,50,43,99,91,89,79,77,77,76,70,90,87,86,81,80,79,76,70,96,94,91,89,81,73,63,61,99,95,95,91,86,81,80,77,92,82,75,74,68,60,56,47,93,88,87,86,78,77,72,67,91,83,79,71,69,60,60,51]
   energy_consumption: [51,51,54,55,56,59,60,63,51,54,54,59,63,66,69,70,55,55,55,60,64,69,70,74,50,50,51,56,59,63,67,70,51,52,57,61,61,61,64,65,50,53,58,58,61,65,69,74,53,55,57,58,58,60,60,64,54,58,61,62,67,67,70,73]
   maxEnergy: 640

 - problem: 32
   correct_answer: 488
   processing_times: [96,95,87,79,74,74,69,63,99,95,91,91,91,88,78,74,93,90,88,82,80,72,69,65,98,93,86,77,74,65,64,59,94,84,77,67,64,56,55,48,96,91,86,86,77,67,57,48,92,91,89,86,76,76,75,73,94,93,92,87,85,76,66,58]
   energy_consumption: [51,52,54,58,60,63,66,71,53,58,61,61,62,65,69,69,50,54,59,59,62,66,69,69,50,54,57,61,62,63,63,68,51,55,59,62,64,65,67,72,51,52,57,60,61,66,68,70,53,53,53,57,60,61,63,64,52,52,56,60,60,64,68,68]
   maxEnergy: 551

 - problem: 33
   correct_answer: 491
   processing_times: [93,86,80,74,71,65,60,57,91,90,85,81,79,76,69,63,92,84,82,81,76,73,65,59,95,94,92,91,86,80,80,75,91,83,80,70,63,60,55,52,100,99,95,87,83,78,74,65,95,89,82,76,75,74,67,61,100,94,92,85,76,69,61,59]
   energy_consumption: [52,54,56,59,64,69,70,70,55,57,62,65,66,67,71,73,54,58,58,63,64,64,69,71,55,59,64,67,72,72,77,80,50,50,52,54,56,57,57,62,55,58,59,64,67,72,75,80,50,54,57,59,59,64,66,66,55,57,61,65,69,73,75,76]
   maxEnergy: 578

 - problem: 34
   correct_answer: 489
   processing_times: [98,94,86,81,81,71,71,61,99,94,92,82,79,71,66,62,92,91,88,84,77,77,77,76,92,86,86,77,68,60,54,49,100,90,84,79,77,71,64,57,99,93,85,82,80,79,79,69,95,95,94,84,75,68,62,56,96,89,82,82,74,65,61,59]
   energy_consumption: [52,52,56,59,64,65,68,71,54,54,56,58,59,62,63,64,51,56,59,63,63,67,67,69,53,53,57,59,62,66,71,73,53,56,56,59,64,66,71,76,52,56,56,59,64,64,64,67,52,55,57,61,63,65,66,66,55,57,60,60,61,65,66,67]
   maxEnergy: 553

 - problem: 35
   correct_answer: 452
   processing_times: [94,85,76,75,72,63,61,51,96,90,81,80,80,80,77,68,99,98,94,91,82,76,75,66,94,91,86,77,67,61,59,53,99,89,81,75,75,65,64,54,91,86,79,70,70,67,61,51,94,87,87,87,77,68,58,57,97,89,84,75,71,62,55,52]
   energy_consumption: [50,53,56,60,63,64,69,72,53,55,58,59,63,67,71,75,55,56,59,64,65,68,72,74,53,55,56,58,63,64,66,69,51,51,53,54,56,60,65,66,51,52,55,58,62,64,64,68,54,56,56,60,63,64,69,69,51,55,59,64,68,73,76,80]
   maxEnergy: 573

 - problem: 36
   correct_answer: 457
   processing_times: [93,86,85,79,77,69,63,55,100,97,95,88,88,79,71,62,96,88,84,83,78,74,67,57,91,91,88,84,84,74,70,65,91,84,79,70,63,57,50,48,98,94,87,78,78,68,64,54,95,92,86,78,68,65,56,55,98,97,87,80,73,70,62,61]
   energy_consumption: [54,56,60,61,66,71,71,73,55,60,64,68,71,73,77,77,54,57,58,63,67,72,72,77,51,53,54,59,62,62,63,67,52,53,53,54,58,59,62,62,52,56,56,59,59,59,64,67,53,58,58,63,65,68,68,68,52,56,58,63,63,67,72,72]
   maxEnergy: 563

 - problem: 37
   correct_answer: 477
   processing_times: [96,87,86,76,76,75,69,67,96,94,85,84,78,78,78,75,90,88,87,87,78,74,67,59,95,86,85,84,82,75,69,66,90,85,80,76,71,65,57,56,93,84,82,81,77,68,63,61,96,89,81,75,73,66,56,51,95,85,77,70,61,58,49,42]
   energy_consumption: [53,53,56,56,59,63,64,65,55,55,59,64,64,64,68,70,55,55,58,62,65,65,66,68,55,58,58,58,62,66,67,67,55,58,60,62,64,69,71,73,50,54,54,56,61,63,65,68,50,54,55,59,60,60,63,68,54,58,60,62,66,71,75,76]
   maxEnergy: 555

 - problem: 38
   correct_answer: 501
   processing_times: [98,91,84,79,69,61,59,52,100,99,94,93,93,83,82,76,91,82,79,69,63,56,49,40,100,100,99,94,85,80,76,74,90,83,73,68,67,58,51,41,97,89,88,82,82,82,77,77,100,100,93,93,93,86,84,82,98,91,81,75,69,64,64,59]
   energy_consumption: [52,55,59,63,65,67,72,72,53,57,60,65,69,69,70,71,52,53,53,56,57,62,66,71,54,59,61,64,64,64,66,71,55,58,59,61,61,64,64,65,52,54,57,57,59,59,61,66,51,51,51,56,56,60,64,65,53,57,61,61,64,67,71,72]
   maxEnergy: 553

 - problem: 39
   correct_answer: 498
   processing_times: [98,95,90,87,78,72,69,66,92,90,85,75,65,62,58,58,97,93,89,89,85,80,78,68,100,93,83,78,75,71,66,65,92,89,83,81,72,64,60,60,99,96,90,88,88,84,82,74,99,96,87,86,76,67,62,60,92,85,76,68,67,59,56,47]
   energy_consumption: [51,55,57,61,61,64,68,70,55,60,64,67,70,72,72,73,51,51,53,53,57,57,62,63,50,54,55,59,64,67,72,75,50,54,59,63,66,68,69,71,53,57,59,60,62,65,69,71,50,52,57,57,60,65,69,69,53,55,56,59,64,65,67,70]
   maxEnergy: 562

 - problem: 40
   correct_answer: 469
   processing_times: [98,90,80,72,66,66,66,56,99,89,86,83,82,82,78,78,90,82,81,74,64,62,61,56,96,88,80,72,69,61,61,59,93,88,78,72,64,54,47,47,93,86,76,73,70,62,54,52,94,86,77,67,62,62,59,56,95,95,86,79,72,68,68,65]
   energy_consumption: [53,56,57,59,60,62,64,69,51,54,59,62,65,65,69,69,51,55,58,62,65,67,69,72,53,58,58,59,63,67,71,75,50,55,59,61,66,66,70,74,53,56,60,60,65,68,71,76,50,55,55,60,63,63,67,67,51,51,51,52,56,58,62,64]
   maxEnergy: 566

 - problem: 41
   correct_answer: 704
   processing_times: [91,91,88,88,82,79,74,67,96,91,86,86,79,70,62,56,95,85,82,82,74,73,69,61,96,96,86,83,82,75,70,62,90,83,78,68,63,63,55,51,100,98,88,88,78,77,73,72,100,91,84,84,75,66,61,59,91,83,82,78,69,62,62,54,98,96,91,81,74,72,62,54,99,90,88,88,78,74,70,66]
   energy_consumption: [53,56,58,58,58,62,65,69,54,59,62,63,64,66,66,70,54,56,56,56,61,61,63,68,54,55,56,59,64,69,72,73,55,59,61,61,65,68,70,72,54,58,63,64,66,71,73,78,52,56,56,57,59,59,61,66,55,58,60,61,66,70,72,73,50,52,54,58,61,64,67,70,55,57,62,66,67,72,72,72]
   maxEnergy: 632

 - problem: 42
   correct_answer: 940
   processing_times: [97,96,88,78,77,73,64,61,95,92,86,78,73,68,68,59,90,90,88,86,83,79,69,68,91,91,91,85,77,74,74,74,100,98,90,81,78,72,66,57,90,88,86,78,72,62,61,53,100,98,88,88,79,69,60,54,90,86,78,68,66,66,66,63,100,93,88,88,78,69,62,62,91,91,85,81,80,75,66,58]
   energy_consumption: [52,54,58,63,63,66,66,71,54,59,62,65,65,67,70,73,54,54,59,64,64,65,66,71,50,50,55,55,58,62,62,63,52,56,60,62,64,65,70,72,53,56,57,60,65,65,70,72,52,55,60,60,65,68,69,72,54,54,58,60,65,68,69,70,50,51,55,57,60,64,65,67,55,56,59,64,64,68,72,72]
   maxEnergy: 526

 - problem: 43
   correct_answer: 947
   processing_times: [98,97,93,84,78,73,69,69,95,89,84,81,74,65,63,54,90,89,83,82,82,77,69,61,91,87,82,72,65,64,59,49,95,91,83,79,79,74,69,65,100,91,91,87,83,81,78,74,97,96,86,86,77,75,69,61,94,94,88,81,77,76,75,68,95,86,81,75,72,62,59,58,94,87,78,70,65,56,55,51]
   energy_consumption: [55,55,57,61,64,68,68,73,54,58,58,61,65,67,72,74,54,54,59,59,62,66,67,68,53,54,59,61,66,70,71,74,52,53,58,60,64,64,68,69,50,53,57,62,65,68,72,75,52,56,56,61,63,66,66,66,52,56,59,59,64,67,72,77,54,56,58,58,60,64,68,68,51,53,57,57,62,65,70,72]
   maxEnergy: 527

 - problem: 44
   correct_answer: 959
   processing_times: [99,90,81,73,72,63,60,56,99,92,90,82,73,73,67,67,95,93,83,83,83,78,74,71,98,92,83,82,78,69,61,51,93,89,81,78,74,70,67,60,94,92,87,87,77,67,57,56,91,83,78,76,67,64,57,53,100,97,89,84,74,74,64,55,94,94,85,75,71,64,54,44,96,96,93,83,74,71,68,64]
   energy_consumption: [54,55,56,60,63,68,73,75,54,58,59,59,59,62,65,67,51,55,58,61,66,66,68,68,54,56,58,60,61,63,67,69,51,55,55,58,63,65,70,74,53,55,59,62,62,67,72,76,55,60,63,64,65,65,69,69,50,51,55,59,62,64,65,65,53,56,61,66,69,69,70,73,54,59,59,60,60,61,65,66]
   maxEnergy: 529

 - problem: 45
   correct_answer: 907
   processing_times: [91,91,81,78,75,70,60,56,97,94,92,86,79,75,71,64,90,90,86,82,72,66,56,55,99,91,83,74,71,66,60,59,91,81,75,67,62,56,50,43,96,88,84,83,80,76,69,67,90,88,86,83,79,77,72,65,93,90,81,76,76,72,63,63,98,90,87,77,67,62,55,51,90,82,72,67,60,58,48,42]
   energy_consumption: [55,55,57,58,63,68,72,74,54,57,59,63,64,67,67,72,53,55,55,57,57,58,59,64,51,51,51,56,57,58,61,65,50,50,54,57,61,62,67,67,52,57,62,64,65,70,70,72,54,54,59,64,68,68,69,69,51,53,57,62,67,72,72,72,53,54,57,61,66,69,73,75,53,56,61,61,66,70,72,77]
   maxEnergy: 526

 - problem: 46
   correct_answer: 953
   processing_times: [97,88,83,79,78,72,72,68,100,96,96,92,85,76,72,62,100,99,97,88,80,74,65,65,94,87,78,77,67,58,57,50,100,96,87,85,76,67,57,51,96,96,94,85,80,74,68,63,100,99,98,97,93,85,75,68,95,88,83,83,75,72,71,66,91,81,78,76,76,66,62,58,94,89,85,75,70,66,63,57]
   energy_consumption: [54,55,60,60,63,68,69,71,54,59,61,64,69,73,74,79,53,58,59,60,60,62,65,65,50,51,53,54,59,59,63,64,53,54,56,59,61,63,67,72,50,52,53,55,56,59,63,63,54,54,56,60,61,66,68,71,52,55,59,62,66,68,73,76,50,50,50,52,52,57,62,67,52,53,57,59,62,64,66,71]
   maxEnergy: 522

 - problem: 47
   correct_answer: 939
   processing_times: [94,92,91,86,82,78,74,74,95,93,83,80,71,68,58,54,94,84,82,75,71,64,64,55,92,85,85,79,72,66,60,60,96,92,84,78,70,67,57,47,91,83,74,71,66,59,56,53,91,87,81,75,70,64,59,50,96,92,90,84,81,74,72,68,100,94,94,86,80,77,69,65,100,98,90,85,84,83,76,66]
   energy_consumption: [50,54,58,59,64,65,69,74,50,55,55,58,62,63,68,68,53,53,54,58,58,61,61,66,53,54,58,59,60,60,65,65,54,57,59,60,61,66,70,73,50,54,54,57,61,65,70,74,54,59,61,66,68,72,76,76,52,56,59,60,61,64,66,68,54,55,59,59,60,62,62,67,53,55,57,58,60,61,65,67]
   maxEnergy: 523

 - problem: 48
   correct_answer: 932
   processing_times: [92,87,82,79,79,71,71,66,94,88,79,71,62,56,54,48,94,89,82,73,64,60,59,50,92,87,84,74,65,62,57,53,91,89,87,77,72,63,60,51,93,92,92,86,76,69,60,56,92,87,77,73,68,63,56,54,90,90,80,70,65,60,53,53,98,91,91,84,84,78,70,65,96,94,90,90,87,78,69,62]
   energy_consumption: [55,59,63,68,68,73,76,81,50,52,55,58,60,61,66,67,52,55,56,59,62,67,67,68,54,57,60,61,63,66,71,73,53,57,57,60,60,63,64,66,53,58,59,64,65,67,71,75,55,60,62,64,65,65,69,70,53,54,57,61,66,70,71,71,51,54,55,60,61,66,69,69,55,59,62,65,66,71,74,79]
   maxEnergy: 531

 - problem: 49
   correct_answer: 944
   processing_times: [100,91,90,83,79,75,75,67,91,88,86,84,74,70,65,57,90,84,79,70,64,62,59,53,100,99,94,92,88,81,74,65,92,88,86,82,75,74,71,68,100,90,80,77,76,66,66,61,100,93,91,91,83,78,74,67,100,91,89,88,88,82,81,81,91,87,83,80,76,71,64,55,90,82,80,72,63,62,56,53]
   energy_consumption: [53,56,57,61,64,69,73,77,54,54,55,55,57,59,59,64,52,54,56,58,62,65,65,66,50,53,54,55,56,61,64,66,55,60,61,62,65,68,71,76,54,57,60,62,63,68,69,72,55,55,57,59,60,64,67,67,54,59,61,64,66,69,71,74,54,55,60,64,68,68,73,73,55,57,62,65,68,69,72,74]
   maxEnergy: 536

 - problem: 50
   correct_answer: 931
   processing_times: [92,90,81,75,72,71,69,66,97,96,90,81,78,68,59,58,93,87,85,77,73,65,60,60,90,86,82,76,72,70,66,60,93,90,82,75,72,67,59,54,91,85,85,82,82,77,70,64,95,93,92,83,80,77,75,66,96,86,80,80,79,71,63,60,92,90,80,75,67,67,65,65,95,95,85,80,79,69,69,62]
   energy_consumption: [52,57,57,58,60,61,65,67,51,53,55,57,58,60,65,65,53,57,61,65,69,72,76,76,52,53,57,60,64,67,67,68,55,56,57,57,59,63,66,71,51,54,58,61,62,62,67,70,53,53,53,58,58,60,60,63,55,59,61,65,67,69,71,76,55,59,64,67,72,77,79,81,51,54,58,58,61,66,69,72]
   maxEnergy: 528

 - problem: 51
   correct_answer: 854
   processing_times: [96,95,94,90,80,80,80,70,92,82,74,66,65,65,60,59,99,93,93,84,81,81,78,69,99,92,84,82,81,73,69,64,97,89,81,74,69,64,64,56,93,88,79,77,68,64,63,55,94,86,80,73,63,54,51,47,97,94,86,79,74,73,73,72,100,100,93,89,79,76,74,65,95,87,79,74,71,71,67,59,91,89,84,80,78,69,65,58,92,82,82,74,69,59,55,50]
   energy_consumption: [54,57,58,62,65,68,69,71,50,54,55,60,61,64,66,67,54,57,60,65,67,72,77,82,53,53,56,57,61,64,69,70,50,50,52,56,60,63,63,63,53,56,57,60,63,64,68,70,53,58,62,65,70,72,72,74,50,53,56,59,60,64,65,69,55,58,58,63,66,70,71,74,50,50,51,54,58,61,64,68,52,53,53,55,57,61,65,65,55,59,61,63,68,71,74,76]
   maxEnergy: 741

 - problem: 52
   correct_answer: 703
   processing_times: [95,91,81,78,74,72,63,54,97,95,86,77,69,62,62,61,95,92,91,86,76,71,63,56,97,91,91,85,82,79,77,69,91,82,81,73,69,66,58,50,92,84,78,77,75,72,67,58,93,86,77,67,60,55,53,46,90,80,73,67,64,64,58,56,93,90,80,79,72,70,61,61,94,90,85,82,82,80,78,71,93,93,83,78,73,64,60,57,96,95,94,85,84,79,73,64]
   energy_consumption: [53,55,57,60,62,66,67,71,54,54,54,54,58,59,62,65,54,55,57,61,63,68,68,68,54,59,60,60,60,64,64,68,51,53,57,60,62,66,71,76,54,55,56,58,62,62,63,68,51,54,59,62,64,65,67,68,51,55,55,57,60,63,63,65,53,58,61,61,62,66,67,71,53,56,61,62,62,67,68,73,54,56,57,57,62,63,65,70,52,57,58,59,62,65,69,72]
   maxEnergy: 915

 - problem: 53
   correct_answer: 917
   processing_times: [96,86,76,73,70,63,53,52,100,95,91,83,78,75,72,63,99,98,96,96,91,86,79,78,97,97,87,84,74,70,68,63,100,90,90,87,78,78,74,67,96,90,90,82,78,78,69,66,96,93,92,84,76,67,62,61,99,99,96,92,90,86,76,73,94,85,75,73,68,62,56,56,90,89,85,76,74,66,66,63,95,95,94,92,85,80,79,76,90,88,79,77,69,61,59,51]
   energy_consumption: [50,51,55,56,61,63,68,73,50,52,56,58,62,66,67,69,52,56,61,64,64,64,64,68,53,57,60,63,64,67,69,72,52,56,61,61,66,66,71,72,52,56,58,59,59,63,64,69,54,55,58,63,67,70,75,75,52,56,56,60,65,68,69,74,53,53,55,55,56,59,60,62,52,53,55,60,65,65,69,71,50,54,57,58,63,66,68,68,50,55,57,61,64,64,66,67]
   maxEnergy: 717

 - problem: 54
   correct_answer: 805
   processing_times: [94,85,81,76,69,68,61,59,93,87,83,74,65,59,59,50,96,94,85,83,76,74,65,58,95,94,85,82,79,69,67,59,97,92,82,73,73,69,66,60,92,92,85,78,75,70,60,57,92,91,83,80,72,67,63,63,96,94,89,89,84,76,75,75,92,83,82,74,70,64,55,46,96,93,93,87,83,80,75,66,92,89,89,82,77,76,75,68,93,91,86,82,77,71,62,57]
   energy_consumption: [52,56,60,62,63,65,65,70,51,53,58,60,60,62,64,65,54,56,61,62,66,69,70,70,55,59,63,63,67,72,74,75,55,56,61,64,66,67,70,70,50,52,52,53,54,59,60,63,54,59,63,68,70,72,72,76,51,52,54,56,57,60,63,63,54,55,55,58,61,65,68,70,55,58,63,64,66,67,67,69,54,59,62,67,68,71,73,74,55,58,62,66,68,68,69,73]
   maxEnergy: 771

 - problem: 55
   correct_answer: 707
   processing_times: [93,85,79,70,65,62,55,51,98,93,90,81,73,70,69,60,96,87,79,77,74,66,61,52,94,93,89,86,77,75,72,62,99,98,91,81,71,66,59,53,97,88,82,73,70,70,66,58,99,99,93,88,80,80,78,77,93,83,77,69,67,60,59,54,94,88,82,80,74,69,65,57,91,89,80,76,72,69,67,60,93,90,90,83,81,78,68,62,98,96,89,84,79,74,65,61]
   energy_consumption: [50,54,54,54,59,60,63,65,53,54,58,61,63,66,69,71,51,54,57,58,61,65,65,68,55,59,62,62,65,70,74,76,55,57,61,63,64,67,67,71,50,53,54,56,57,59,61,65,55,57,57,60,62,64,69,72,53,53,53,54,54,58,63,64,55,55,56,56,56,56,59,59,52,53,57,59,62,67,69,70,52,52,57,62,62,64,65,67,53,58,62,63,65,66,66,67]
   maxEnergy: 911

 - problem: 56
   correct_answer: 681
   processing_times: [93,90,80,73,63,60,57,50,97,94,88,83,73,70,65,56,100,91,85,84,83,76,68,66,92,88,84,74,70,61,58,54,91,84,81,75,72,63,62,62,94,87,84,83,81,73,67,65,97,87,79,71,69,62,59,58,91,81,79,71,62,59,54,46,91,89,88,79,78,74,71,63,90,90,87,79,69,68,61,56,93,92,88,87,80,75,68,58,90,81,79,75,68,62,55,47]
   energy_consumption: [51,55,59,61,64,66,68,72,51,56,57,57,60,64,69,69,54,59,62,62,67,68,68,72,50,53,57,61,64,68,73,73,53,55,58,58,61,63,68,68,53,57,58,60,64,66,66,67,54,56,61,65,65,65,69,70,50,50,52,56,60,63,64,65,55,59,62,63,64,68,68,68,51,56,61,63,64,68,71,73,52,55,56,58,63,64,66,67,54,54,56,57,57,59,60,64]
   maxEnergy: 896

 - problem: 57
   correct_answer: 786
   processing_times: [98,98,97,95,89,81,71,70,93,86,84,82,74,72,68,65,91,82,77,72,65,63,57,55,95,86,85,85,81,79,74,71,97,90,89,87,82,72,64,54,91,87,85,80,76,76,70,61,95,85,80,74,67,64,60,50,95,95,91,89,82,74,66,56,97,92,83,82,75,75,75,73,91,82,78,75,65,60,58,50,91,86,81,71,66,56,48,41,92,90,82,77,68,59,56,48]
   energy_consumption: [52,54,55,60,60,61,62,64,50,51,53,58,63,64,66,69,52,53,55,55,60,64,64,67,51,51,55,57,59,60,65,66,53,58,60,64,69,72,77,78,54,56,56,56,57,58,61,63,53,57,61,61,65,66,66,71,51,52,56,61,63,65,68,73,54,55,60,65,69,70,71,75,54,59,59,59,60,63,66,66,54,55,57,57,62,64,65,65,53,54,57,57,59,62,66,67]
   maxEnergy: 746

 - problem: 58
   correct_answer: 702
   processing_times: [100,99,99,92,87,83,73,68,97,89,87,77,69,67,63,60,93,86,85,77,67,65,63,58,94,94,93,87,78,75,73,63,95,86,78,70,67,62,59,53,91,85,82,75,70,67,58,49,91,87,82,79,75,70,68,59,100,97,94,86,81,74,68,61,97,95,91,84,78,75,75,70,90,84,75,68,67,65,62,55,95,92,90,83,83,76,66,58,94,89,85,83,75,66,57,48]
   energy_consumption: [55,58,61,66,69,73,76,81,50,50,54,55,55,57,61,61,54,54,55,59,61,66,69,70,54,58,61,62,63,68,73,76,53,56,60,60,63,66,71,74,50,55,55,55,59,61,65,65,54,59,64,65,65,67,68,73,52,54,56,58,63,68,72,77,52,57,62,66,69,71,76,76,52,55,55,55,59,59,62,63,51,56,57,61,64,69,72,75,54,59,63,67,72,76,79,83]
   maxEnergy: 931

 - problem: 59
   correct_answer: 694
   processing_times: [98,97,93,85,82,75,72,63,98,89,82,72,69,64,55,51,92,87,78,77,67,65,61,56,90,83,78,71,65,57,48,41,100,100,95,93,83,79,78,70,100,92,90,83,74,67,60,56,94,88,78,69,61,61,57,57,98,95,89,86,76,69,65,58,99,96,86,78,71,67,59,59,95,87,77,70,61,58,56,53,91,84,83,79,71,61,58,55,92,90,89,81,77,75,75,75]
   energy_consumption: [52,56,59,60,64,69,71,75,52,54,59,61,64,69,73,77,52,55,60,65,69,69,69,74,53,54,58,62,67,71,72,73,51,55,59,61,62,67,70,70,54,57,58,62,62,67,71,74,54,59,64,69,73,75,77,77,54,56,59,63,67,71,72,73,53,55,58,59,60,62,65,69,52,54,58,59,60,64,67,72,52,56,59,63,68,71,76,79,53,58,63,65,68,70,74,74]
   maxEnergy: 894

 - problem: 60
   correct_answer: 677
   processing_times: [93,90,80,76,74,67,67,57,93,91,86,77,68,65,57,47,92,85,85,84,84,75,75,70,91,86,81,77,77,72,64,58,97,94,84,76,67,61,61,53,98,93,93,87,79,78,76,73,99,90,85,80,72,62,58,51,98,92,86,78,68,62,53,47,94,89,86,78,76,67,60,52,94,84,80,73,71,62,58,55,98,97,95,89,84,81,72,62,97,87,82,73,66,57,54,52]
   energy_consumption: [53,53,57,58,61,62,62,64,55,57,57,60,62,65,66,66,52,55,57,62,64,64,66,67,52,55,58,60,61,61,65,70,52,52,54,58,62,63,66,71,51,55,55,58,58,58,61,63,55,59,59,64,66,66,71,71,54,57,58,62,67,68,73,76,51,52,56,58,63,65,65,66,55,60,62,65,67,69,70,74,50,55,55,59,59,63,67,67,55,55,58,63,65,65,68,71]
   maxEnergy: 837

 - problem: 61
   correct_answer: 853
   processing_times: [95,90,87,83,81,79,71,62,99,94,93,91,84,78,70,61,99,96,92,87,84,83,82,77,100,91,87,79,76,70,60,51,100,93,93,83,82,72,65,56,99,98,88,81,80,80,79,79,92,86,78,70,65,62,61,60,98,88,78,69,59,51,51,50,91,83,75,72,70,66,63,54,94,88,80,76,76,72,67,65,99,96,91,82,72,67,67,63,95,91,83,83,80,75,71,67,90,90,86,83,73,66,56,48,99,92,83,75,73,69,60,60]
   energy_consumption: [52,52,54,59,63,68,71,75,54,58,62,64,66,69,72,75,52,53,58,63,67,69,70,70,51,56,60,61,66,66,69,70,52,53,54,55,57,62,64,67,53,54,59,61,66,68,69,72,51,56,57,62,66,69,72,72,54,55,60,65,65,70,71,75,53,58,62,62,66,68,71,75,55,59,59,61,64,66,69,71,50,53,56,57,62,62,67,72,52,53,58,58,62,63,65,66,50,51,55,60,62,67,68,68,54,58,59,63,63,63,64,68]
   maxEnergy: 1054

 - problem: 62
   correct_answer: 853
   processing_times: [99,93,92,87,85,83,83,76,92,89,85,75,71,69,62,56,96,86,76,66,66,61,57,48,90,89,81,79,73,72,63,54,90,86,83,83,81,72,72,72,92,86,79,78,68,59,55,48,100,94,92,90,84,79,79,74,92,92,88,84,76,70,63,53,96,86,77,68,58,50,40,37,98,98,97,96,86,77,68,65,93,92,86,82,76,70,63,63,96,91,86,84,79,79,71,64,90,82,75,74,64,61,52,50,98,90,86,76,76,69,61,56]
   energy_consumption: [51,51,55,55,56,61,62,62,55,55,57,57,57,58,62,64,50,55,59,62,67,68,71,75,55,57,62,65,67,67,67,69,55,60,64,65,67,72,75,75,50,53,56,60,65,70,73,76,54,56,57,59,61,63,63,67,53,57,58,62,63,66,67,70,55,55,57,60,63,64,66,66,54,55,60,62,63,67,71,71,52,52,52,54,55,55,55,57,54,57,62,65,67,68,72,73,50,52,52,53,54,55,55,56,50,50,51,56,58,59,61,66]
   maxEnergy: 910

 - problem: 63
   correct_answer: 872
   processing_times: [96,92,91,82,74,68,59,59,96,87,77,73,73,63,62,52,93,88,84,76,69,59,59,59,94,89,87,77,68,62,59,53,95,94,91,89,86,78,70,61,97,89,83,83,75,71,64,62,98,97,91,91,89,83,77,75,96,91,82,79,77,67,67,65,96,93,91,89,79,75,66,59,95,91,90,82,78,77,74,69,100,94,92,86,78,75,70,70,95,93,91,90,84,84,78,72,99,92,87,80,79,71,68,65,90,81,75,70,67,60,54,51]
   energy_consumption: [52,55,60,61,65,70,75,79,50,54,54,57,60,60,62,62,52,56,61,61,66,66,68,71,53,58,61,61,63,67,68,73,54,59,61,64,65,68,71,74,52,54,59,62,64,69,74,75,52,52,53,53,58,61,61,62,50,54,56,58,59,63,63,68,55,57,57,59,64,65,65,66,54,55,57,57,62,67,69,70,50,51,55,57,58,60,61,62,50,54,54,54,57,61,65,67,50,54,58,59,62,65,69,70,51,55,59,61,64,64,68,69]
   maxEnergy: 1113

 - problem: 64
   correct_answer: 964
   processing_times: [100,99,98,96,95,87,87,77,95,86,84,78,72,71,70,69,90,88,78,77,77,67,57,51,91,83,75,68,61,59,54,50,90,88,87,83,76,71,71,62,97,94,87,82,81,74,70,63,97,89,88,84,76,72,71,67,93,88,80,75,72,70,70,62,93,86,76,74,71,65,61,60,91,89,85,83,82,76,75,65,99,91,85,80,79,71,66,66,94,89,88,84,80,70,70,63,100,100,100,97,90,90,80,75,98,88,88,78,73,68,68,66]
   energy_consumption: [53,58,61,61,61,62,64,66,55,60,60,65,66,69,72,77,53,54,59,62,65,65,69,69,54,58,62,64,69,69,70,74,55,57,59,60,65,69,69,74,54,54,57,59,63,64,67,67,52,57,60,63,63,63,63,64,54,57,59,60,61,65,68,73,52,53,56,61,62,65,69,70,54,56,61,66,69,69,70,74,50,51,51,52,55,56,56,57,51,56,56,58,61,63,63,67,52,57,58,60,63,65,67,70,52,52,55,59,60,60,64,68]
   maxEnergy: 896

 - problem: 65
   correct_answer: 1026
   processing_times: [93,91,82,72,72,72,68,63,93,92,84,82,73,66,56,54,95,91,89,88,86,82,75,68,98,91,83,77,69,63,60,58,100,90,81,78,68,61,51,50,95,95,88,84,77,74,68,66,99,95,87,85,84,77,71,64,90,84,83,83,81,74,69,60,92,92,88,87,85,82,74,71,96,86,84,78,68,62,53,44,98,93,90,82,81,76,70,70,90,90,82,82,74,68,63,59,96,87,85,75,75,75,72,69,100,97,97,93,84,84,75,73]
   energy_consumption: [50,53,56,60,61,66,67,71,50,51,53,57,62,65,69,71,52,52,54,55,57,57,62,64,55,55,57,59,63,63,67,67,50,55,57,62,66,70,71,73,51,54,58,60,65,68,70,72,53,57,62,67,69,74,76,79,55,58,61,62,64,66,66,71,50,53,53,54,55,55,60,62,51,55,60,62,64,69,73,77,53,55,55,55,55,55,56,59,51,51,52,55,57,59,62,67,53,53,54,59,62,64,67,70,51,54,57,60,63,63,68,73]
   maxEnergy: 847

 - problem: 66
   correct_answer: 764
   processing_times: [98,92,82,81,74,67,61,61,91,84,81,79,73,69,59,55,90,86,85,77,74,64,56,47,95,94,89,83,76,66,60,50,95,86,83,76,72,66,57,57,97,88,85,76,69,67,61,55,92,92,86,82,79,72,66,59,98,89,83,73,65,55,45,35,90,82,74,71,64,64,54,45,97,90,90,81,74,68,59,57,99,94,93,84,75,72,72,62,100,99,91,81,75,73,68,65,90,90,84,75,73,67,60,52,94,85,84,77,73,73,67,64]
   energy_consumption: [54,57,58,59,61,62,65,70,54,54,56,58,60,61,61,62,54,58,60,64,68,69,72,76,52,54,54,56,58,60,61,62,50,51,56,56,57,57,59,61,54,57,57,60,62,66,70,74,51,55,59,64,66,71,73,77,55,57,59,60,65,69,71,75,55,56,57,62,66,71,73,77,54,55,60,61,66,68,73,74,52,57,57,62,62,65,66,70,53,55,59,62,67,71,72,75,52,55,57,60,64,68,68,72,52,52,56,57,60,60,63,64]
   maxEnergy: 1008

 - problem: 67
   correct_answer: 1155
   processing_times: [93,86,81,72,67,58,53,51,95,92,92,85,83,74,74,64,96,91,82,75,67,64,55,51,96,89,80,80,72,64,55,54,93,89,87,84,80,74,65,64,96,92,87,86,86,80,75,73,96,91,89,79,69,68,68,62,96,93,87,81,73,69,64,55,92,90,85,79,72,69,69,69,99,99,92,82,78,68,59,51,90,80,75,75,71,70,66,57,94,92,82,80,76,73,70,69,95,88,80,77,72,66,65,64,90,89,85,75,74,71,61,57]
   energy_consumption: [53,58,61,61,64,68,68,73,50,53,55,60,63,67,68,69,53,55,58,59,62,63,68,72,50,51,55,59,63,63,64,68,52,57,59,61,65,68,68,70,54,56,58,61,63,64,67,68,51,52,56,56,59,64,66,69,54,56,59,61,65,66,67,71,52,55,59,64,67,70,72,75,50,54,59,60,61,62,67,70,52,52,55,58,59,63,67,69,50,55,58,58,61,65,67,69,51,56,57,61,61,66,70,74,50,52,55,58,63,63,67,71]
   maxEnergy: 776

 - problem: 68
   correct_answer: 845
   processing_times: [99,96,88,82,73,72,68,60,90,89,80,70,66,66,57,49,100,95,85,84,74,74,65,59,99,90,88,83,83,82,72,63,91,83,75,66,62,59,59,54,95,85,81,71,69,68,59,49,94,91,90,81,79,71,67,57,97,96,87,87,83,81,79,70,92,82,81,75,75,73,65,59,95,85,83,74,74,72,66,65,97,94,90,87,84,81,74,67,100,99,93,83,73,71,63,56,97,93,90,89,80,78,69,62,98,94,88,80,78,71,66,65]
   energy_consumption: [50,52,54,58,62,65,66,71,53,54,57,59,64,66,70,71,52,53,56,56,61,62,62,65,55,59,63,63,63,66,70,75,50,52,54,56,57,60,60,63,54,56,56,61,65,70,72,76,50,54,56,61,62,64,65,70,55,56,60,63,64,64,68,68,52,57,58,61,62,64,67,69,50,53,55,58,63,67,67,71,53,55,58,60,60,62,66,67,50,51,53,58,58,61,65,68,53,57,60,64,69,73,76,77,54,58,63,68,68,71,74,79]
   maxEnergy: 972

 - problem: 69
   correct_answer: 813
   processing_times: [95,91,84,74,64,55,55,52,99,96,88,83,74,74,67,61,91,89,85,82,82,82,78,68,94,86,81,77,73,64,57,49,94,86,86,84,84,80,75,68,91,91,89,81,76,67,64,63,98,89,80,76,76,66,60,54,92,85,75,70,61,53,48,46,93,87,86,82,79,74,69,59,91,81,71,62,62,53,44,34,91,90,87,87,82,82,79,79,93,91,90,85,76,70,68,58,92,92,82,76,74,67,60,56,98,96,89,86,78,75,66,66]
   energy_consumption: [51,52,54,54,56,60,64,67,50,51,53,58,62,66,69,71,50,51,53,55,57,60,61,64,55,56,58,60,65,70,75,76,50,50,52,55,59,63,68,71,50,55,58,61,61,62,66,71,51,55,58,58,60,62,62,62,50,50,51,54,56,59,61,64,54,55,60,61,61,65,68,69,53,54,58,61,62,63,68,71,51,51,52,53,56,57,57,62,51,51,55,59,62,65,68,68,54,58,59,59,59,62,64,67,55,59,61,62,62,64,64,64]
   maxEnergy: 1059

 - problem: 70
   correct_answer: 870
   processing_times: [92,82,78,75,66,66,62,60,95,87,84,77,70,61,58,50,99,89,85,81,77,68,64,58,99,90,80,78,73,69,65,62,96,88,79,73,64,61,52,49,96,92,85,77,68,66,64,59,100,99,94,91,83,83,82,81,98,98,97,95,86,81,75,74,93,87,80,80,74,67,57,55,96,95,95,94,93,92,86,84,92,86,79,79,74,70,70,63,98,91,86,81,71,71,62,61,100,92,83,81,80,78,76,66,92,83,77,77,72,65,58,48]
   energy_consumption: [55,56,60,62,62,64,66,66,52,56,61,65,65,65,67,72,50,54,58,60,60,62,65,70,51,56,58,58,60,64,67,71,55,56,61,62,65,65,69,74,53,53,53,54,58,62,63,67,54,59,60,65,67,71,76,77,54,57,61,62,63,64,64,66,51,53,53,58,60,63,67,69,55,55,55,56,58,59,63,64,52,52,57,61,61,66,71,74,54,57,60,60,63,64,68,70,55,60,61,62,66,68,69,71,54,56,61,64,65,69,70,74]
   maxEnergy: 1040

 - problem: 71
   correct_answer: 1081
   processing_times: [98,92,88,80,71,62,58,48,100,99,97,95,95,86,82,80,93,84,77,72,70,65,57,52,96,92,83,75,71,62,59,51,95,92,90,86,86,84,78,71,91,89,85,85,82,78,76,71,100,96,96,94,88,83,74,66,96,90,84,76,72,68,64,61,96,93,92,89,83,77,72,66,91,81,81,75,75,66,66,60,100,100,96,86,85,83,76,75,96,91,82,81,73,67,60,53,92,90,88,87,77,69,69,64,91,87,86,81,81,76,69,67,90,87,78,77,75,74,72,64,92,89,81,78,73,66,64,62]
   energy_consumption: [53,57,60,63,68,73,76,79,55,58,59,64,67,69,72,76,53,55,58,59,63,64,68,70,52,57,60,60,60,60,63,63,55,58,59,63,63,63,67,69,55,60,65,68,68,71,73,77,55,58,61,66,68,70,75,76,53,54,54,57,62,63,66,67,50,51,53,55,58,58,60,62,51,54,58,61,64,67,67,67,50,51,53,54,58,59,63,65,55,57,59,63,63,68,68,69,51,51,56,58,60,65,68,69,53,54,59,64,64,65,68,71,55,57,57,57,60,62,63,65,52,52,53,54,55,59,59,64]
   maxEnergy: 1037

 - problem: 72
   correct_answer: 990
   processing_times: [93,91,82,75,74,72,67,62,98,90,88,87,83,82,75,68,90,90,81,71,67,66,56,56,90,89,79,77,72,69,66,59,94,86,79,76,76,72,69,63,100,99,97,88,78,76,76,76,90,87,85,80,73,66,66,62,95,89,85,80,72,64,55,47,92,91,91,81,81,80,72,62,99,98,92,89,84,74,72,68,94,90,82,82,76,68,67,65,93,83,80,77,76,67,60,51,95,86,78,78,68,67,63,62,92,90,80,73,73,68,65,55,100,90,89,87,83,83,75,69,91,84,77,68,65,58,57,53]
   energy_consumption: [52,56,61,61,63,65,69,70,51,53,55,60,61,63,67,69,53,58,63,65,65,65,66,70,50,52,53,55,60,62,64,65,53,54,55,56,56,59,61,65,51,54,54,58,59,64,67,68,53,53,55,59,64,69,70,74,53,58,58,63,65,69,73,76,50,51,51,55,60,63,65,68,54,54,58,60,62,66,70,72,50,54,56,59,59,59,61,62,54,55,60,65,70,72,75,80,54,54,59,63,68,68,73,75,55,55,60,62,64,68,72,74,52,53,56,58,63,65,65,68,54,58,62,64,66,71,75,77]
   maxEnergy: 1107

 - problem: 73
   correct_answer: 1349
   processing_times: [98,93,83,83,74,71,68,68,95,89,86,80,74,72,70,68,98,94,87,84,74,71,63,60,100,97,92,88,88,85,75,72,90,82,82,77,74,70,65,62,97,94,91,85,83,76,66,66,97,88,79,79,73,73,68,61,92,87,82,77,72,66,62,55,100,97,95,85,85,75,69,64,96,92,91,88,84,83,73,64,92,83,73,70,68,63,57,47,91,84,75,70,68,62,54,53,92,90,87,84,79,77,72,71,91,84,83,82,72,68,60,50,93,90,84,82,74,65,62,54,96,93,89,79,76,76,70,62]
   energy_consumption: [50,52,52,57,57,61,64,68,50,50,51,56,61,63,63,64,52,57,60,65,69,71,71,72,53,55,56,58,63,67,67,67,50,50,55,56,61,63,64,66,52,57,62,64,68,73,76,78,54,55,58,61,63,63,66,67,54,56,60,62,65,68,73,78,55,57,59,60,64,67,71,72,54,59,59,60,60,63,68,73,55,56,57,57,62,66,68,70,53,54,57,62,67,70,71,76,53,53,58,60,61,61,66,69,54,55,57,57,61,61,66,69,53,58,58,58,59,59,63,63,53,57,61,63,68,70,70,71]
   maxEnergy: 881

 - problem: 74
   correct_answer: 963
   processing_times: [94,92,86,86,83,82,75,75,97,95,92,82,76,75,74,66,94,92,92,91,82,80,73,68,93,84,77,70,60,57,50,43,95,88,88,83,83,77,69,67,98,93,87,77,71,63,56,56,93,83,74,64,64,56,55,50,96,94,88,85,84,79,78,78,98,89,85,81,74,65,63,60,92,92,87,77,76,74,70,61,100,92,91,88,88,79,71,64,97,94,89,81,76,68,58,52,96,95,95,95,88,78,77,71,96,87,78,70,62,59,59,51,90,85,77,67,58,54,54,45,94,86,83,82,74,64,56,56]
   energy_consumption: [55,55,60,61,61,64,64,65,51,55,55,55,56,58,58,60,50,50,51,53,56,57,62,66,55,59,59,63,67,71,73,73,51,53,56,56,60,64,66,67,55,56,57,57,58,61,64,65,52,55,56,58,59,62,64,69,52,52,56,58,61,64,64,69,53,56,59,61,64,67,67,67,53,58,61,65,66,66,71,73,50,50,52,56,61,65,68,71,52,54,58,60,60,65,67,68,50,51,55,55,58,63,64,67,55,60,63,64,66,68,68,73,53,56,61,65,66,70,74,78,50,54,59,64,65,67,70,73]
   maxEnergy: 1189

 - problem: 75
   correct_answer: 1357
   processing_times: [95,95,95,89,88,80,76,76,99,89,82,76,74,66,58,58,92,88,86,79,69,62,55,45,99,93,86,78,71,62,55,54,99,91,86,80,78,76,75,66,94,86,76,76,69,69,66,63,96,86,77,75,67,67,60,55,91,81,72,65,60,51,51,51,100,100,91,88,86,81,71,70,100,92,89,89,89,89,89,82,96,87,86,84,77,76,71,67,100,95,87,87,87,79,74,66,92,91,82,79,79,75,72,65,92,90,84,79,76,75,67,60,99,99,92,90,86,80,78,72,98,97,97,91,86,86,86,82]
   energy_consumption: [50,55,56,57,58,60,64,67,54,54,55,59,64,66,71,75,55,56,59,64,67,70,74,76,55,57,57,60,62,62,62,63,54,54,58,63,66,71,76,79,52,54,58,60,62,64,68,69,54,58,61,66,67,67,70,74,54,59,60,64,67,70,73,77,55,58,58,62,64,67,72,73,55,57,62,66,67,71,72,73,54,54,58,62,67,71,71,73,53,55,55,60,63,67,69,71,52,57,61,64,65,65,70,70,52,56,57,57,58,63,64,66,52,55,58,58,62,62,65,70,51,53,58,60,62,65,69,73]
   maxEnergy: 895

 - problem: 76
   correct_answer: 1146
   processing_times: [100,100,98,95,91,89,80,78,96,89,82,79,70,69,66,65,92,85,78,73,73,69,69,66,97,91,86,80,80,72,67,67,92,89,88,80,79,76,75,70,98,97,92,89,83,82,82,77,95,95,91,91,88,81,78,76,97,95,92,91,84,77,73,64,92,85,80,76,70,68,63,57,100,96,91,86,77,67,66,64,100,95,93,89,79,77,76,75,100,100,91,81,71,67,60,56,93,92,89,88,78,71,65,57,91,86,83,73,68,64,59,58,91,89,83,73,63,53,50,46,90,81,81,80,80,74,73,69]
   energy_consumption: [54,54,57,58,63,67,70,73,51,56,59,61,66,69,74,75,54,55,56,58,59,60,65,69,52,53,53,54,57,60,65,69,52,53,53,56,57,59,63,68,55,58,63,65,68,70,70,74,55,56,59,62,66,70,75,78,53,58,59,59,64,64,68,68,52,56,58,63,67,69,69,72,53,54,58,63,64,68,73,76,53,56,57,57,62,62,67,67,52,54,59,62,63,65,67,69,53,56,59,63,68,72,75,76,51,51,55,60,61,63,65,66,53,57,61,61,64,67,68,69,50,50,55,59,59,64,67,68]
   maxEnergy: 1007

 - problem: 77
   correct_answer: 1124
   processing_times: [99,91,89,85,84,82,73,65,90,89,81,79,77,70,65,56,91,82,80,78,78,70,69,67,100,98,88,85,82,82,76,71,100,98,90,85,80,80,78,69,97,95,87,82,72,70,62,61,91,89,81,81,74,68,63,60,90,80,75,73,68,63,60,50,90,90,88,84,81,80,78,72,96,94,84,84,83,81,81,79,99,97,96,91,84,81,78,70,94,89,89,83,80,72,71,64,90,87,79,77,68,65,57,54,96,91,85,81,77,68,59,53,99,93,90,80,78,75,75,69,90,82,81,71,63,63,62,59]
   energy_consumption: [50,51,53,53,57,57,57,61,54,55,58,59,61,64,67,72,51,54,58,60,61,63,63,68,54,57,61,64,67,69,71,71,55,55,59,61,62,67,69,72,50,54,57,59,62,63,66,68,50,51,56,61,61,61,66,69,52,55,60,65,68,73,76,78,50,52,53,57,61,63,63,65,52,52,56,61,65,68,72,74,50,52,54,57,59,64,66,71,52,54,59,59,61,62,67,69,50,51,56,57,61,65,66,66,52,56,60,63,65,68,69,69,52,54,56,57,57,58,61,62,50,54,59,63,65,67,68,73]
   maxEnergy: 999

 - problem: 78
   correct_answer: 975
   processing_times: [100,97,95,86,78,78,78,78,99,95,89,79,79,70,67,57,100,95,89,86,82,80,71,65,93,84,78,68,65,58,58,48,100,96,93,89,80,70,66,64,100,99,89,89,79,71,62,54,94,89,87,81,78,71,68,61,99,90,88,78,69,64,54,44,90,86,78,69,61,51,45,41,94,88,88,78,69,68,61,55,94,91,83,81,77,75,74,64,92,90,88,78,69,62,55,53,98,93,93,92,92,82,74,65,100,93,89,81,77,73,64,58,96,96,90,87,79,69,61,59,98,95,94,84,83,74,70,68]
   energy_consumption: [55,60,63,67,69,69,69,69,51,52,52,55,60,62,63,63,51,53,55,56,57,57,62,67,50,53,57,62,67,69,74,78,55,58,58,60,62,64,64,64,53,54,59,62,62,64,68,70,51,56,60,61,61,66,70,71,53,55,55,56,60,63,64,64,51,55,59,61,65,65,66,71,54,58,62,65,70,74,75,79,50,51,52,56,59,62,65,70,55,55,57,60,62,67,68,68,51,51,51,51,53,54,57,61,50,54,55,57,62,66,66,69,55,59,63,66,71,72,77,81,55,57,58,61,61,65,68,69]
   maxEnergy: 1074

 - problem: 79
   correct_answer: 1058
   processing_times: [97,94,93,86,77,70,61,55,90,81,73,63,54,51,43,41,93,89,82,74,70,60,52,52,93,88,84,80,80,72,66,62,98,89,82,80,79,75,70,66,94,86,80,80,70,70,69,65,92,85,81,73,65,61,52,44,95,95,91,84,82,76,69,68,93,87,84,79,73,71,67,65,92,83,73,72,63,55,53,43,98,91,84,83,82,79,76,71,98,93,89,88,88,86,76,66,93,93,93,86,81,74,64,59,100,99,96,87,86,82,79,79,95,85,77,77,74,71,64,58,96,86,76,74,67,62,61,56]
   energy_consumption: [50,54,54,57,58,58,59,59,55,56,58,61,63,64,68,73,52,56,57,58,63,66,69,73,53,55,56,59,63,65,70,73,53,55,59,60,64,68,68,71,55,57,59,60,61,63,64,68,54,56,56,60,65,69,69,72,55,57,58,59,61,66,71,72,51,52,53,53,53,55,60,61,50,53,56,57,57,58,58,58,50,54,54,58,58,62,65,70,50,52,56,59,61,61,62,66,54,56,61,63,66,66,68,73,51,54,56,61,64,64,64,65,51,53,58,59,61,64,65,65,51,54,56,56,56,60,65,66]
   maxEnergy: 982

 - problem: 80
   correct_answer: 942
   processing_times: [100,94,87,79,76,66,61,54,92,84,81,73,66,63,53,53,97,97,93,87,77,77,72,67,92,91,82,74,67,59,52,45,90,86,80,70,60,55,55,53,99,90,88,87,78,70,63,60,96,94,88,88,79,73,68,58,93,89,88,82,73,65,60,50,90,83,80,73,68,59,58,53,100,90,88,83,75,70,66,66,95,88,84,80,74,68,66,66,96,90,88,81,73,65,55,55,95,95,95,86,80,77,76,67,91,82,74,74,66,58,48,44,93,86,84,80,77,69,61,57,97,88,85,78,71,70,65,61]
   energy_consumption: [51,54,58,62,63,65,69,71,50,54,54,55,56,56,59,64,55,58,59,64,67,68,70,71,54,54,56,59,60,60,61,64,53,56,56,61,65,66,70,72,54,57,61,63,63,68,72,76,54,56,57,61,63,63,67,67,54,56,61,65,67,69,69,69,50,55,59,60,60,62,67,67,53,53,54,56,60,65,68,69,54,54,59,61,66,67,71,76,55,58,58,63,65,69,71,75,54,56,59,61,61,65,69,73,50,54,57,61,66,71,75,79,55,56,58,59,61,64,65,65,52,57,62,67,72,76,78,80]
   maxEnergy: 1085

 - problem: 81
   correct_answer: 1191
   processing_times: [100,94,89,89,83,79,69,69,93,85,81,71,70,70,62,62,95,92,85,82,79,78,69,59,97,96,91,88,84,84,75,70,93,90,88,84,81,78,68,63,99,98,96,96,90,89,84,78,100,91,83,83,74,71,66,61,98,88,79,76,69,69,59,52,92,85,75,67,61,60,51,49,91,89,84,75,66,65,65,56,96,89,83,80,74,73,69,69,97,90,90,86,77,75,73,65,96,89,79,73,65,63,58,54,95,86,76,66,66,65,60,52,96,91,87,81,76,75,67,63,91,89,79,70,66,60,51,47,90,84,78,70,67,60,56,52,95,89,88,87,84,84,81,81]
   energy_consumption: [52,55,55,56,57,61,64,65,55,56,59,61,66,68,68,69,55,59,60,65,67,71,76,79,53,53,57,61,66,70,73,73,54,58,61,65,68,68,68,72,51,54,59,64,68,68,68,73,50,54,54,59,64,67,68,72,52,55,59,62,63,67,67,69,50,55,57,57,58,60,62,63,55,55,57,59,63,67,71,71,54,57,60,64,64,66,67,71,53,57,61,61,65,65,67,72,54,59,62,67,70,75,79,83,55,55,57,60,64,64,69,72,55,59,60,64,64,69,70,71,55,58,63,67,69,72,77,81,50,50,51,53,53,54,56,56,50,55,56,58,58,63,66,70]
   maxEnergy: 1185

 - problem: 82
   correct_answer: 1144
   processing_times: [96,96,95,91,83,76,71,65,99,89,80,76,69,68,60,50,92,88,85,83,79,70,60,56,98,89,82,81,77,76,76,76,96,88,79,72,62,62,61,61,98,94,94,85,78,72,70,61,93,87,79,71,63,58,53,50,96,88,82,73,65,59,51,51,97,88,81,80,79,70,68,65,95,88,84,77,76,75,75,75,93,87,85,84,82,76,67,58,98,95,86,81,74,64,62,52,97,92,88,78,71,69,65,63,92,83,81,74,64,62,57,47,95,85,76,73,69,59,50,42,97,97,95,95,94,89,79,73,91,81,81,75,71,62,54,52,97,96,86,86,76,75,73,70]
   energy_consumption: [55,55,60,65,69,74,78,80,54,55,60,62,65,66,67,72,51,52,56,58,58,63,67,72,53,58,63,68,73,73,77,81,54,58,62,63,65,68,69,71,52,55,58,59,63,68,68,70,55,60,60,61,64,65,66,71,53,55,58,60,60,62,65,67,53,55,56,56,59,62,65,67,52,53,58,60,63,65,68,73,55,57,62,64,67,70,70,73,53,53,55,59,60,61,63,68,54,57,57,58,59,64,69,73,51,52,57,62,67,67,72,77,52,54,59,61,63,66,71,73,54,58,63,66,68,73,75,76,54,56,58,58,60,65,68,72,52,57,61,61,66,66,71,73]
   maxEnergy: 1197

 - problem: 83
   correct_answer: 1243
   processing_times: [100,91,87,81,75,70,61,51,94,94,88,87,78,69,64,62,97,88,85,85,79,78,68,66,91,85,85,82,81,76,68,66,94,94,84,74,66,64,55,48,92,92,83,81,71,62,53,52,93,86,86,81,74,70,64,58,96,86,78,70,67,60,54,53,92,86,78,69,66,65,63,53,91,86,82,82,78,71,64,61,91,86,86,84,76,72,71,67,96,94,84,82,75,69,63,53,93,86,85,76,70,61,54,46,91,83,76,71,62,59,55,45,98,94,93,84,74,69,67,63,99,98,91,91,91,88,83,76,95,85,80,74,70,60,59,49,90,85,77,69,60,50,48,39]
   energy_consumption: [55,58,61,62,67,71,71,71,50,55,58,58,59,59,60,64,50,53,53,57,57,59,62,67,51,51,56,58,62,62,67,70,55,60,63,68,71,72,74,79,54,54,58,58,60,65,68,69,55,55,55,58,60,65,67,72,50,53,53,57,61,65,69,69,54,57,62,67,71,75,77,79,52,56,61,65,68,71,71,71,55,56,57,58,62,66,66,71,52,56,59,64,66,71,75,77,50,53,53,57,62,62,63,67,50,50,53,53,56,57,58,62,50,54,56,58,58,59,59,63,51,55,56,56,59,60,65,68,54,55,60,63,65,66,68,72,54,59,63,64,69,73,74,76]
   maxEnergy: 1097

 - problem: 84
   correct_answer: 1042
   processing_times: [96,91,90,87,79,78,69,62,95,90,90,88,84,76,71,70,95,89,86,78,75,71,61,54,90,87,77,75,70,70,67,67,95,88,85,83,83,78,78,70,92,88,78,77,69,61,51,45,91,82,79,71,61,52,42,38,96,87,80,80,79,71,68,63,91,82,77,76,74,71,70,61,93,86,78,71,64,57,48,43,98,89,81,76,67,60,54,48,100,99,89,81,77,69,66,56,98,88,83,80,70,64,57,55,94,92,82,77,71,66,62,58,91,82,79,75,74,65,56,55,98,88,82,81,71,70,68,58,92,88,83,83,77,71,68,63,98,95,89,88,88,88,78,76]
   energy_consumption: [54,56,61,63,67,72,73,74,53,57,61,64,67,67,72,73,52,53,54,55,57,62,66,70,50,54,54,57,61,62,66,71,54,59,62,63,64,69,71,73,55,58,61,63,65,68,70,72,54,57,60,60,64,64,67,67,52,53,58,59,59,62,64,68,54,58,62,62,65,69,69,69,50,55,56,56,56,59,59,59,51,52,52,54,58,58,62,63,54,58,62,63,66,69,71,72,53,53,56,57,58,61,65,69,50,55,55,60,65,66,68,73,53,58,61,63,64,66,66,70,51,53,55,55,56,57,57,57,52,55,59,60,60,65,66,68,50,50,51,51,51,55,58,62]
   maxEnergy: 1324

 - problem: 85
   correct_answer: 1140
   processing_times: [99,91,82,75,65,56,53,52,99,95,90,85,83,82,77,73,90,85,81,76,67,61,56,51,98,96,92,92,90,90,88,83,92,84,80,72,67,66,64,56,96,87,84,80,80,79,76,66,99,94,87,83,79,75,75,67,97,95,86,83,80,71,69,63,92,88,85,82,80,76,74,64,97,87,86,77,68,67,59,51,93,92,86,85,84,78,68,58,97,97,97,91,89,83,74,71,95,86,86,81,73,67,66,64,100,96,92,91,90,88,86,80,100,94,85,84,74,73,70,63,100,93,91,86,78,78,77,67,93,88,79,75,74,65,56,56,90,90,85,77,68,62,56,55]
   energy_consumption: [53,55,58,61,62,62,63,66,55,58,59,60,61,62,67,67,52,52,54,56,58,61,62,64,54,54,57,59,62,64,64,68,52,53,54,57,59,62,67,72,52,53,54,57,61,63,64,65,51,53,58,60,63,65,69,74,54,58,61,62,63,66,68,68,53,56,57,58,58,61,64,69,51,55,57,58,63,65,68,69,51,56,57,59,64,64,64,65,51,55,59,59,64,66,71,73,53,56,58,58,58,63,63,65,52,57,61,63,64,65,68,70,54,58,61,65,66,67,72,76,54,58,62,62,64,66,71,72,55,55,56,57,62,65,69,70,55,59,64,64,65,65,70,75]
   maxEnergy: 1271

 - problem: 86
   correct_answer: 1053
   processing_times: [90,80,75,74,68,60,52,46,92,85,85,82,72,64,57,50,96,90,85,85,79,75,67,64,95,87,80,77,68,62,55,46,99,89,82,74,66,66,59,49,95,88,84,84,74,66,57,56,92,90,83,74,70,65,58,55,93,89,82,79,76,76,75,68,90,88,80,71,71,67,62,52,94,90,86,77,70,65,55,49,99,90,88,87,84,77,69,62,94,94,88,80,72,69,68,66,97,87,86,82,72,66,61,54,93,92,89,89,84,74,74,72,94,93,89,89,87,84,81,76,95,92,91,89,88,86,81,71,100,92,84,81,75,70,70,63,92,83,80,73,70,66,61,54]
   energy_consumption: [50,55,55,55,55,60,65,66,52,52,53,57,60,64,69,74,52,54,56,60,63,64,69,72,54,59,63,67,69,74,78,81,52,53,56,59,61,64,64,68,51,55,58,58,63,63,67,67,50,53,55,55,55,56,59,64,53,58,62,65,69,70,75,78,51,56,57,57,57,59,64,64,55,58,59,64,67,72,74,75,53,58,58,60,64,64,66,69,53,58,60,61,64,64,68,69,54,54,58,60,62,65,69,70,54,59,60,64,69,70,74,77,51,54,57,57,61,63,65,68,50,53,54,55,58,58,61,66,50,50,50,52,53,55,55,58,55,58,59,59,64,68,73,75]
   maxEnergy: 1393

 - problem: 87
   correct_answer: 1342
   processing_times: [97,91,81,73,65,58,57,52,97,94,91,89,82,74,69,65,99,92,92,85,80,76,70,67,95,91,84,80,80,76,70,66,98,94,86,82,80,71,61,54,97,88,83,80,79,78,72,71,92,92,87,80,80,70,70,62,91,83,76,73,66,58,53,51,93,89,82,79,72,70,65,57,94,88,85,79,72,62,59,50,100,91,85,84,81,81,71,61,95,87,86,85,81,79,70,66,91,85,79,79,79,74,68,59,98,88,87,87,79,74,67,67,94,84,77,72,72,71,71,62,92,86,79,79,77,75,74,65,92,90,84,84,84,78,78,73,100,94,85,76,73,71,70,61]
   energy_consumption: [52,54,57,57,57,58,61,61,52,52,53,53,54,59,59,64,53,57,61,65,67,72,75,77,51,56,60,63,67,70,73,74,55,59,62,65,68,68,69,72,54,55,58,62,67,69,72,77,52,57,60,64,66,67,71,74,55,58,63,65,65,68,73,78,51,53,57,59,63,63,63,65,54,59,62,63,63,65,68,72,53,57,61,63,68,72,73,75,52,52,57,59,61,63,65,68,51,55,58,62,63,63,64,67,50,51,56,59,60,65,65,69,51,51,53,58,62,67,72,74,50,53,55,60,64,64,68,70,54,54,56,60,62,67,69,72,52,56,59,59,64,68,70,74]
   maxEnergy: 1066

 - problem: 88
   correct_answer: 1307
   processing_times: [99,94,89,86,76,76,71,64,98,92,89,85,75,69,69,68,100,100,95,93,89,88,81,78,95,87,84,74,64,54,50,43,100,92,82,82,75,69,64,55,90,85,81,81,79,72,71,71,91,90,85,79,77,68,63,63,98,93,85,85,85,76,74,69,96,86,81,81,77,73,67,65,96,93,87,79,79,74,64,61,92,89,81,77,75,70,62,54,94,93,83,73,68,58,52,42,95,87,86,84,77,67,59,55,100,93,93,89,83,81,71,62,96,95,85,76,71,69,60,51,91,85,80,73,65,57,50,50,96,88,81,79,77,67,62,56,93,86,86,80,70,60,55,45]
   energy_consumption: [54,58,58,63,68,72,77,77,52,52,54,54,55,59,60,63,55,55,57,58,62,66,71,74,54,58,60,63,66,70,72,75,53,54,55,55,59,63,63,65,51,56,60,60,61,62,66,67,50,54,59,59,64,65,65,65,52,54,56,59,63,63,63,68,55,58,60,61,61,65,68,73,51,54,58,59,61,65,68,68,54,59,62,63,68,70,75,77,55,57,58,60,61,66,66,71,53,57,61,65,69,70,70,73,51,53,54,59,62,67,69,71,52,57,61,63,63,68,73,76,50,52,56,58,63,63,63,64,51,55,59,64,68,69,70,71,50,53,56,59,62,62,67,71]
   maxEnergy: 1092

 - problem: 89
   correct_answer: 1051
   processing_times: [94,84,76,73,68,65,62,56,97,87,77,70,64,54,48,40,99,96,94,87,83,82,78,75,95,91,82,74,69,64,56,48,96,86,80,71,68,61,56,54,91,90,81,80,75,75,66,64,99,94,93,88,88,88,82,76,99,99,91,86,81,77,69,66,97,96,95,91,83,82,78,77,92,92,90,82,81,74,64,55,97,87,84,80,73,71,66,56,93,86,77,68,64,54,45,41,93,90,83,76,76,68,63,60,98,92,90,81,76,73,64,56,95,94,89,89,84,76,72,71,90,86,77,75,69,68,63,58,97,88,81,75,73,66,60,51,94,87,80,80,71,64,55,46]
   energy_consumption: [54,55,60,63,63,64,69,73,50,54,54,56,60,62,63,63,53,58,59,61,64,65,66,67,54,59,63,65,67,69,72,73,54,56,58,61,61,65,69,74,51,51,54,58,59,64,67,70,52,55,56,60,65,69,72,74,50,52,52,52,53,54,58,62,51,54,59,59,62,67,69,74,55,58,60,63,67,68,69,70,55,58,60,65,69,71,73,74,55,59,64,66,71,71,76,78,50,55,59,60,65,70,74,78,53,57,59,60,63,65,66,66,54,59,64,67,67,72,75,75,51,56,61,61,62,67,67,70,51,53,55,57,57,57,59,63,53,53,53,57,60,65,67,68]
   maxEnergy: 1270

 - problem: 90
   correct_answer: 1414
   processing_times: [94,87,86,77,69,62,52,52,91,88,83,75,68,66,63,61,90,85,76,75,74,65,56,56,95,89,82,81,78,73,72,63,100,97,87,83,75,70,61,61,97,91,83,74,72,68,61,52,94,91,84,75,67,64,58,52,96,86,78,76,67,60,53,53,100,94,87,82,81,73,71,63,91,82,74,68,62,57,56,47,98,93,87,85,77,75,66,63,96,94,90,85,75,73,65,58,92,91,82,82,75,67,67,58,97,95,94,88,86,79,70,65,90,82,80,74,69,64,56,48,95,88,86,81,77,75,65,55,98,92,90,86,82,80,72,62,100,96,95,91,91,81,77,72]
   energy_consumption: [53,57,58,58,62,63,67,71,50,52,53,55,57,57,61,64,55,59,61,65,70,72,76,80,54,57,58,61,63,65,66,67,55,55,56,56,59,62,67,68,51,54,57,58,59,59,62,63,55,58,63,63,66,70,75,75,55,60,65,67,72,73,77,77,50,55,56,60,61,62,67,69,52,53,54,55,59,59,59,60,55,58,59,60,60,62,65,65,54,59,61,66,71,73,75,79,53,54,58,61,62,63,67,70,55,55,57,57,59,64,65,69,54,54,59,62,65,68,71,75,54,55,58,59,59,64,69,74,54,58,60,61,65,69,71,75,53,56,58,58,59,64,66,71]
   maxEnergy: 1043

 - problem: 91
   correct_answer: 1348
   processing_times: [95,92,87,78,73,72,66,65,98,93,92,86,86,82,80,71,95,85,77,77,75,65,55,48,98,92,87,79,73,71,66,66,100,91,91,89,89,82,75,70,94,87,81,75,68,62,61,52,94,89,82,80,77,67,58,57,100,98,93,89,89,80,80,72,99,90,84,80,70,60,54,48,90,90,90,86,79,79,69,65,91,91,89,82,82,79,69,64,90,82,74,69,69,63,63,53,94,93,89,84,81,79,73,67,91,86,81,80,79,72,71,70,93,91,89,85,78,70,70,65,90,90,90,82,72,65,58,53,99,92,92,86,81,77,77,70,93,87,81,74,65,59,57,50,94,84,80,77,70,63,59,55,90,81,71,66,56,46,46,38]
   energy_consumption: [50,51,52,52,56,60,65,68,54,55,58,63,64,66,70,72,53,56,59,61,65,69,69,71,55,56,59,60,62,64,64,66,55,56,57,57,58,60,65,70,52,54,59,63,66,66,66,66,51,54,56,58,59,64,69,69,52,54,57,61,62,63,64,64,54,56,59,64,67,69,70,71,54,59,59,59,59,62,65,68,51,52,53,54,57,60,62,62,51,54,57,60,63,63,66,70,52,52,53,55,60,61,65,70,55,59,61,63,68,73,73,78,53,55,58,62,62,62,65,70,51,55,58,59,59,64,65,65,50,53,58,58,63,67,71,74,52,54,54,54,59,60,61,63,50,54,55,55,58,59,64,64,55,58,63,64,69,72,75,76]
   maxEnergy: 1242

 - problem: 92
   correct_answer: 1578
   processing_times: [98,95,85,82,80,70,70,70,94,86,81,74,66,63,53,51,90,81,73,67,63,62,54,50,93,85,75,71,68,65,55,52,92,83,83,78,78,74,73,73,100,99,90,85,79,78,69,65,98,90,82,80,74,70,60,56,100,99,90,86,77,77,77,73,94,87,85,84,76,71,66,59,92,90,84,78,68,68,67,65,91,82,76,72,72,63,63,60,95,88,87,84,79,71,62,55,91,86,83,75,66,57,48,48,90,89,89,83,73,73,70,69,92,83,76,71,64,54,45,43,93,85,78,71,65,61,58,53,100,94,84,80,72,62,62,53,90,85,84,75,71,71,70,62,97,91,91,82,72,69,67,64,90,84,80,72,68,67,63,63]
   energy_consumption: [52,52,56,58,62,66,71,75,51,51,53,55,57,57,57,59,50,54,55,60,63,66,69,71,52,57,57,58,59,64,69,71,52,54,57,57,61,66,71,71,51,51,51,55,60,63,67,67,54,58,61,65,70,71,75,77,52,56,60,64,65,68,71,76,51,54,54,57,61,61,62,63,54,56,61,62,62,65,65,67,51,55,56,59,60,62,67,67,54,58,61,61,64,66,69,71,51,51,55,55,56,61,66,66,50,55,58,59,63,67,72,75,52,54,55,59,62,62,65,65,55,60,64,66,70,74,74,76,52,56,58,63,65,69,73,73,50,50,55,57,61,61,62,66,55,60,63,63,67,68,72,73,51,52,56,57,60,60,63,65]
   maxEnergy: 1119

 - problem: 93
   correct_answer: 1465
   processing_times: [90,83,75,75,72,71,64,54,90,86,81,74,66,61,52,49,97,92,85,84,83,83,82,74,99,96,96,91,87,80,70,65,97,96,96,95,92,92,82,75,94,92,88,83,78,78,69,60,91,86,85,81,78,69,62,60,95,85,78,69,67,57,51,48,91,88,80,79,76,73,69,66,98,93,84,75,72,67,57,56,90,83,83,73,68,66,58,54,100,91,84,82,74,64,54,44,91,84,78,73,69,61,51,49,96,92,92,88,82,80,79,72,98,90,88,87,86,80,79,77,97,93,86,78,68,60,50,47,90,90,89,88,88,81,81,72,94,92,88,79,77,70,68,59,90,80,73,72,69,65,59,54,96,91,90,89,87,82,72,64]
   energy_consumption: [52,52,56,59,60,65,69,71,51,53,54,55,60,62,65,66,52,52,54,59,63,66,70,71,53,55,56,61,64,65,67,71,55,60,65,68,69,70,75,78,53,57,61,61,62,63,67,68,54,57,61,61,63,68,73,77,51,52,55,60,63,65,66,66,53,56,57,59,64,65,65,69,55,58,61,62,65,68,69,74,53,53,55,60,62,66,66,69,50,53,54,56,60,60,62,64,54,56,58,58,62,66,70,71,52,57,57,61,65,68,71,71,51,54,57,61,61,66,71,76,54,56,57,57,59,61,66,70,50,53,53,54,58,63,66,69,54,55,55,57,58,59,59,59,52,56,59,59,61,62,67,67,53,57,59,59,61,66,71,74]
   maxEnergy: 1179

 - problem: 94
   correct_answer: 1545
   processing_times: [90,81,81,74,74,66,65,62,91,84,79,74,74,66,65,65,99,99,92,87,85,83,75,69,98,95,94,90,86,84,75,72,92,86,86,78,70,63,53,53,96,93,93,86,79,77,69,66,99,92,89,81,71,63,54,44,91,89,87,81,71,65,62,53,98,94,90,89,84,76,75,70,97,92,84,81,81,75,72,62,95,93,87,77,72,68,60,52,91,89,86,82,82,76,75,66,94,91,87,80,78,78,77,77,90,83,81,76,71,67,59,58,93,93,83,80,72,68,58,50,98,96,86,86,77,75,68,67,91,83,82,82,80,80,78,77,95,94,92,89,87,83,80,77,92,82,78,76,75,66,65,62,95,90,81,77,71,64,55,50]
   energy_consumption: [54,56,59,64,65,66,70,74,51,51,55,60,61,61,64,68,51,56,58,58,61,62,66,68,55,55,56,60,60,63,64,65,50,50,50,54,57,57,58,58,54,59,63,65,66,66,67,70,51,52,53,57,62,64,65,65,55,57,61,65,69,74,76,76,55,60,64,68,71,73,78,80,53,55,60,62,65,70,74,79,50,54,57,57,60,65,65,65,52,53,57,58,58,62,67,70,55,55,60,65,69,74,77,82,50,52,54,59,64,68,68,70,50,51,56,61,62,65,68,73,52,53,54,56,59,63,64,66,50,53,58,62,63,67,68,70,53,56,56,59,60,60,61,66,52,57,57,62,63,65,65,65,52,55,59,62,63,68,70,71]
   maxEnergy: 1161

 - problem: 95
   correct_answer: 1220
   processing_times: [100,96,96,90,90,85,80,70,98,96,93,90,86,85,77,73,100,96,92,88,82,73,70,66,91,82,80,79,72,64,55,46,99,93,93,90,88,80,78,75,90,86,86,76,67,67,59,57,100,99,98,96,92,91,84,77,91,89,86,83,82,80,74,65,95,85,84,76,75,65,57,52,97,88,79,75,70,69,60,59,97,96,91,81,76,75,75,68,93,86,83,78,77,73,66,61,97,88,82,73,72,72,70,66,94,92,87,86,81,72,72,63,90,82,73,66,60,55,47,40,91,81,76,68,62,59,50,41,98,91,89,79,72,71,61,51,96,96,96,90,80,79,71,69,96,91,83,75,73,73,63,53,94,93,84,77,74,73,72,65]
   energy_consumption: [52,53,53,57,61,63,68,68,54,54,54,58,59,61,61,61,55,55,56,61,61,66,69,72,55,57,61,62,67,71,74,76,51,52,52,55,55,55,56,58,52,54,57,62,63,67,71,72,53,58,58,58,61,63,63,66,50,55,59,60,60,63,65,66,50,52,57,59,61,65,68,73,53,54,56,58,59,60,61,64,54,58,62,64,68,71,72,73,53,54,55,59,59,60,63,63,55,57,59,62,63,67,68,73,50,51,51,56,58,59,60,64,54,56,57,62,62,65,69,72,55,57,62,65,68,68,71,73,50,51,52,56,56,60,62,66,55,55,59,64,64,68,70,75,51,54,57,61,61,62,62,63,52,55,58,60,60,64,67,71]
   maxEnergy: 1363

 - problem: 96
   correct_answer: 1387
   processing_times: [98,89,84,82,78,76,69,64,99,97,88,85,83,83,81,81,93,92,84,74,72,71,64,54,98,89,80,71,62,54,51,48,91,84,78,75,74,69,59,52,98,95,90,86,81,78,68,58,99,98,90,81,73,70,69,62,96,88,87,79,73,70,67,58,99,92,88,78,75,70,62,55,100,95,89,89,80,80,78,69,97,87,83,79,75,65,58,56,90,90,82,80,74,73,70,61,92,83,81,76,72,62,59,49,98,89,82,76,68,66,66,56,91,86,86,86,78,72,65,56,94,84,81,75,75,75,69,62,95,86,85,77,75,75,66,58,100,96,88,82,81,81,80,78,93,85,80,74,67,58,50,40,94,90,80,77,75,74,65,57]
   energy_consumption: [51,54,56,58,58,59,62,63,52,53,57,59,59,64,64,68,53,56,57,57,60,62,66,68,55,57,57,59,60,60,65,66,53,56,61,65,67,70,72,76,55,59,60,63,63,64,64,65,54,57,60,60,61,62,67,67,53,56,58,59,62,67,69,72,54,56,59,63,65,66,70,70,55,56,57,62,66,71,72,72,54,54,58,58,62,64,66,70,53,54,56,61,63,68,72,76,54,54,59,61,65,70,75,80,52,54,58,59,62,63,65,66,50,51,56,59,61,66,69,73,55,56,60,62,67,72,75,79,52,52,52,52,54,55,59,63,52,53,57,60,61,64,65,70,55,58,61,63,63,66,66,69,53,54,56,57,62,67,69,72]
   maxEnergy: 1223

 - problem: 97
   correct_answer: 1452
   processing_times: [94,85,77,71,69,69,64,60,100,96,89,80,70,70,69,60,93,91,89,87,85,76,69,59,94,84,75,72,69,60,59,55,100,93,89,84,77,74,70,65,97,92,92,88,79,75,68,60,95,88,86,86,84,76,69,59,95,87,82,77,73,73,69,59,98,94,93,85,76,69,62,62,92,90,90,88,86,82,82,73,95,89,87,79,75,73,64,55,96,89,86,83,79,78,72,65,99,91,88,85,79,75,65,61,94,86,86,76,71,68,64,60,91,90,89,88,88,78,73,63,98,94,94,86,84,80,80,71,92,84,83,73,73,69,69,62,90,81,80,79,69,66,60,59,91,81,78,75,72,66,57,53,100,94,85,75,72,68,58,52]
   energy_consumption: [55,59,61,64,69,69,69,69,51,53,53,58,63,68,68,68,53,54,54,59,59,59,59,63,51,52,56,56,57,58,61,61,53,58,59,59,62,67,70,75,55,55,56,59,59,59,62,65,54,56,58,59,64,64,68,72,52,52,56,61,65,69,69,74,50,50,51,53,58,59,64,69,52,55,60,62,67,72,76,79,55,58,59,62,66,71,74,78,53,55,58,59,61,63,68,69,54,54,58,62,63,68,71,72,52,53,54,58,58,61,66,66,50,54,58,63,64,69,71,72,51,53,56,59,64,65,68,71,54,57,58,61,63,68,68,73,55,58,60,64,64,64,69,73,53,55,56,61,62,66,68,69,55,58,61,62,62,67,69,71]
   maxEnergy: 1212

 - problem: 98
   correct_answer: 1092
   processing_times: [90,89,87,83,77,75,68,58,98,89,85,75,70,67,57,50,99,96,91,91,83,83,79,76,91,89,80,72,62,60,55,51,92,82,78,75,71,71,69,64,99,90,81,76,75,65,64,60,90,89,87,79,78,72,72,67,91,91,86,80,72,62,53,43,97,87,81,78,73,73,66,59,95,92,92,86,79,70,70,70,91,81,75,65,58,54,48,38,91,81,78,75,66,62,55,53,100,90,80,74,68,61,51,44,91,89,89,79,72,67,63,54,90,81,74,68,59,58,52,42,95,92,92,82,72,62,52,48,100,98,90,82,79,74,66,64,96,90,81,76,67,62,56,48,90,83,79,77,67,57,54,47,93,83,75,75,69,61,58,56]
   energy_consumption: [50,51,51,54,59,61,62,64,52,54,55,60,63,68,68,68,50,53,54,54,55,55,60,64,53,57,59,59,61,65,69,72,54,54,55,55,59,64,67,71,50,51,52,56,59,64,68,70,52,53,57,58,61,61,62,66,55,56,58,60,64,69,71,72,50,53,58,59,61,62,67,69,53,58,60,61,62,67,70,74,50,55,60,64,68,70,74,77,50,50,50,50,55,55,59,62,55,55,59,64,64,69,74,79,53,57,59,64,67,69,74,76,54,55,60,63,64,67,72,77,52,57,62,62,65,67,70,73,50,53,54,55,55,58,63,64,54,54,56,60,65,67,70,75,51,51,52,55,59,60,64,68,53,57,61,64,66,71,71,76]
   maxEnergy: 1410

 - problem: 99
   correct_answer: 1601
   processing_times: [90,87,84,84,83,83,79,73,95,95,85,78,69,68,59,53,94,86,84,83,82,78,75,71,95,88,84,78,69,59,53,47,95,86,79,72,72,65,61,54,90,81,71,68,62,55,54,46,96,93,83,80,74,67,59,52,94,94,84,76,66,65,60,58,98,94,85,80,79,71,71,69,97,97,90,90,85,77,72,64,97,91,84,81,78,73,69,68,90,90,82,72,66,62,53,47,98,94,87,78,73,65,61,52,98,92,84,79,76,72,66,63,92,83,83,78,74,64,56,50,100,97,96,95,91,87,80,72,98,90,84,76,76,73,68,61,92,89,89,84,75,69,61,51,91,87,85,82,76,71,68,66,99,93,83,73,63,63,59,58]
   energy_consumption: [51,55,58,62,64,64,64,64,50,55,59,62,66,66,71,76,55,60,64,67,72,73,75,79,52,57,62,65,69,71,75,77,50,51,55,60,61,62,67,72,54,58,59,64,65,69,69,69,54,57,62,65,70,71,74,76,50,55,57,61,66,67,71,72,50,51,52,53,58,62,66,68,51,54,56,61,64,68,70,72,51,56,56,59,62,66,68,68,51,54,54,57,62,65,69,73,51,52,56,58,58,59,59,64,50,51,55,57,59,62,67,71,52,56,61,66,69,72,77,82,50,54,58,59,60,63,67,71,55,56,57,60,64,64,68,71,55,58,63,67,67,71,75,80,53,53,56,56,56,60,61,61,54,59,64,68,72,75,79,81]
   maxEnergy: 1144

 - problem: 100
   correct_answer: 1657
   processing_times: [90,82,74,66,57,50,41,34,91,86,77,70,62,53,50,40,90,90,90,86,76,74,68,62,96,92,83,73,69,67,66,59,99,97,96,96,95,88,86,84,97,88,84,83,74,71,67,64,93,84,82,74,66,56,51,43,98,95,93,93,85,83,73,73,97,88,83,74,69,66,56,56,96,94,84,84,76,72,64,62,94,88,84,78,74,72,70,63,98,92,92,88,78,69,68,68,96,86,83,79,79,76,68,61,92,92,88,86,86,76,70,60,91,82,77,73,73,63,59,50,91,81,77,71,66,56,47,42,91,91,91,83,82,78,75,69,97,89,81,76,75,67,62,52,91,89,88,78,72,69,60,57,99,94,85,78,77,68,60,51]
   energy_consumption: [54,55,58,61,61,61,61,66,50,50,51,52,57,58,62,65,51,51,51,54,59,64,67,69,55,55,56,59,63,65,67,72,51,52,53,53,53,54,57,61,55,60,63,63,67,70,70,75,54,59,63,64,69,69,70,70,50,55,59,60,60,65,68,70,52,56,56,61,61,65,67,69,53,55,56,56,61,65,66,66,54,59,64,69,71,74,76,78,55,59,60,64,69,71,71,73,54,58,61,64,66,71,74,76,55,56,56,56,59,64,67,67,53,58,61,63,68,68,73,78,53,54,57,58,58,63,63,66,50,51,55,56,58,58,63,68,53,58,63,64,67,70,72,73,52,53,55,57,62,62,65,69,51,54,55,59,59,63,68,72]
   maxEnergy: 1105
