##########################################
# These problems were randomly generated.
##########################################
problem_set_number: 5
problems: 100

data:

 - problem: 1
   correct_answer: 5
   x: [6,-2,-5,-9,-7]
   y: [4,3,2,1,0]
   maxDistance: 32
   scale: 1

 - problem: 2
   correct_answer: 3
   x: [9,2,4,-6,8]
   y: [1,0,-1,-2,-3]
   maxDistance: 31
   scale: 1

 - problem: 3
   correct_answer: 3
   x: [10,8,-2,2,2]
   y: [3,2,1,0,-1]
   maxDistance: 12
   scale: 1

 - problem: 4
   correct_answer: 4
   x: [7,4,6,1,7]
   y: [2,1,0,-1,-2]
   maxDistance: 22
   scale: 1

 - problem: 5
   correct_answer: 2
   x: [-3,-4,6,1,-9]
   y: [0,-1,-2,-3,-4]
   maxDistance: 11
   scale: 1

 - problem: 6
   correct_answer: 0
   x: [1,4,0,-6,5]
   y: [9,8,7,6,5]
   maxDistance: 9
   scale: 1

 - problem: 7
   correct_answer: 5
   x: [1,10,10,7,5]
   y: [9,8,7,6,5]
   maxDistance: 39
   scale: 1

 - problem: 8
   correct_answer: 0
   x: [-9,4,7,2,6]
   y: [6,5,4,3,2]
   maxDistance: 4
   scale: 1

 - problem: 9
   correct_answer: 1
   x: [2,10,-1,9,9]
   y: [2,1,0,-1,-2]
   maxDistance: 5
   scale: 1

 - problem: 10
   correct_answer: 1
   x: [-8,-1,-3,10,3]
   y: [0,-1,-2,-3,-4]
   maxDistance: 6
   scale: 1

 - problem: 11
   correct_answer: 5
   x: [1,-1,-2,-10,1]
   y: [10,9,8,7,6]
   maxDistance: 48
   scale: 1

 - problem: 12
   correct_answer: 5
   x: [1,-3,-2,7,-5]
   y: [-9,-10,-11,-12,-13]
   maxDistance: 60
   scale: 1

 - problem: 13
   correct_answer: 0
   x: [7,-5,7,-3,6]
   y: [0,-1,-2,-3,-4]
   maxDistance: 5
   scale: 1

 - problem: 14
   correct_answer: 5
   x: [2,-3,-6,-5,3]
   y: [-10,-11,-12,-13,-14]
   maxDistance: 45
   scale: 1

 - problem: 15
   correct_answer: 1
   x: [5,3,-10,-7,-1]
   y: [-6,-7,-8,-9,-10]
   maxDistance: 17
   scale: 1

 - problem: 16
   correct_answer: 0
   x: [-5,-10,-1,7,-5]
   y: [9,8,7,6,5]
   maxDistance: 7
   scale: 1

 - problem: 17
   correct_answer: 4
   x: [7,6,-9,6,10]
   y: [8,7,6,5,4]
   maxDistance: 35
   scale: 1

 - problem: 18
   correct_answer: 3
   x: [1,3,-3,10,7]
   y: [2,1,0,-1,-2]
   maxDistance: 21
   scale: 1

 - problem: 19
   correct_answer: 2
   x: [9,-1,-10,-6,1]
   y: [4,3,2,1,0]
   maxDistance: 10
   scale: 1

 - problem: 20
   correct_answer: 2
   x: [-6,-3,-5,2,-7]
   y: [2,1,0,-1,-2]
   maxDistance: 13
   scale: 1

 - problem: 21
   correct_answer: 10
   x: [2,-3,-4,5,2,10,-7,2,9,2]
   y: [-5,-6,-7,-8,-9,-10,-11,-12,-13,-14]
   maxDistance: 111
   scale: 1

 - problem: 22
   correct_answer: 5
   x: [7,-1,-4,-9,-10,1,-5,9,8,0]
   y: [-4,-5,-6,-7,-8,-9,-10,-11,-12,-13]
   maxDistance: 32
   scale: 1

 - problem: 23
   correct_answer: 4
   x: [-10,-9,-8,-6,-1,-7,-5,-7,2,6]
   y: [10,9,8,7,6,5,4,3,2,1]
   maxDistance: 27
   scale: 1

 - problem: 24
   correct_answer: 8
   x: [6,-3,9,-5,-8,-10,-4,10,4,4]
   y: [-9,-10,-11,-12,-13,-14,-15,-16,-17,-18]
   maxDistance: 73
   scale: 1

 - problem: 25
   correct_answer: 7
   x: [3,2,-7,-3,-10,9,-9,-4,-3,8]
   y: [-5,-6,-7,-8,-9,-10,-11,-12,-13,-14]
   maxDistance: 46
   scale: 1

 - problem: 26
   correct_answer: 8
   x: [-5,-3,1,2,6,-9,-8,3,9,8]
   y: [-4,-5,-6,-7,-8,-9,-10,-11,-12,-13]
   maxDistance: 47
   scale: 1

 - problem: 27
   correct_answer: 8
   x: [-2,9,-3,4,-2,0,-8,2,4,0]
   y: [-1,-2,-3,-4,-5,-6,-7,-8,-9,-10]
   maxDistance: 53
   scale: 1

 - problem: 28
   correct_answer: 7
   x: [2,-8,-4,-9,3,-8,0,-2,9,-4]
   y: [9,8,7,6,5,4,3,2,1,0]
   maxDistance: 45
   scale: 1

 - problem: 29
   correct_answer: 2
   x: [-8,6,-10,-9,8,5,-3,1,-10,-10]
   y: [-5,-6,-7,-8,-9,-10,-11,-12,-13,-14]
   maxDistance: 24
   scale: 1

 - problem: 30
   correct_answer: 6
   x: [8,7,6,0,9,3,3,0,-8,3]
   y: [1,0,-1,-2,-3,-4,-5,-6,-7,-8]
   maxDistance: 30
   scale: 1

 - problem: 31
   correct_answer: 3
   x: [10,-1,1,8,-7,5,-9,0,-9,-9]
   y: [2,1,0,-1,-2,-3,-4,-5,-6,-7]
   maxDistance: 16
   scale: 1

 - problem: 32
   correct_answer: 7
   x: [0,-5,-7,-4,10,10,-1,-1,-10,0]
   y: [-8,-9,-10,-11,-12,-13,-14,-15,-16,-17]
   maxDistance: 56
   scale: 1

 - problem: 33
   correct_answer: 10
   x: [6,6,7,-8,-5,-3,-10,4,7,-5]
   y: [-7,-8,-9,-10,-11,-12,-13,-14,-15,-16]
   maxDistance: 94
   scale: 1

 - problem: 34
   correct_answer: 6
   x: [-8,10,-10,3,-8,-10,10,-8,9,-4]
   y: [0,-1,-2,-3,-4,-5,-6,-7,-8,-9]
   maxDistance: 37
   scale: 1

 - problem: 35
   correct_answer: 5
   x: [-6,2,4,7,7,4,-2,0,-2,8]
   y: [6,5,4,3,2,1,0,-1,-2,-3]
   maxDistance: 20
   scale: 1

 - problem: 36
   correct_answer: 7
   x: [-9,-3,-5,5,0,0,-10,0,8,-5]
   y: [4,3,2,1,0,-1,-2,-3,-4,-5]
   maxDistance: 38
   scale: 1

 - problem: 37
   correct_answer: 10
   x: [8,8,9,-7,-10,-5,-5,8,-4,-3]
   y: [-4,-5,-6,-7,-8,-9,-10,-11,-12,-13]
   maxDistance: 111
   scale: 1

 - problem: 38
   correct_answer: 10
   x: [3,-5,2,-5,5,-4,-7,-7,4,4]
   y: [-3,-4,-5,-6,-7,-8,-9,-10,-11,-12]
   maxDistance: 83
   scale: 1

 - problem: 39
   correct_answer: 9
   x: [-7,-2,-1,0,0,-9,-3,-3,-1,0]
   y: [-3,-4,-5,-6,-7,-8,-9,-10,-11,-12]
   maxDistance: 40
   scale: 1

 - problem: 40
   correct_answer: 10
   x: [3,10,9,5,-7,-3,3,10,6,-2]
   y: [-4,-5,-6,-7,-8,-9,-10,-11,-12,-13]
   maxDistance: 83
   scale: 1

 - problem: 41
   correct_answer: 11
   x: [8,4,9,-6,9,10,0,8,-4,4,-5,-8,2,-6,-7]
   y: [9,8,7,6,5,4,3,2,1,0,-1,-2,-3,-4,-5]
   maxDistance: 65
   scale: 1

 - problem: 42
   correct_answer: 11
   x: [9,-2,9,1,-10,-2,-5,2,-9,2,0,9,6,-1,-9]
   y: [-7,-8,-9,-10,-11,-12,-13,-14,-15,-16,-17,-18,-19,-20,-21]
   maxDistance: 81
   scale: 1

 - problem: 43
   correct_answer: 3
   x: [-7,-1,-4,9,9,-9,1,-9,5,-1,0,5,-10,9,0]
   y: [4,3,2,1,0,-1,-2,-3,-4,-5,-6,-7,-8,-9,-10]
   maxDistance: 19
   scale: 1

 - problem: 44
   correct_answer: 15
   x: [-3,-5,-9,-9,-9,-10,-9,2,-6,-3,10,5,3,9,-2]
   y: [7,6,5,4,3,2,1,0,-1,-2,-3,-4,-5,-6,-7]
   maxDistance: 106
   scale: 1

 - problem: 45
   correct_answer: 8
   x: [-4,-6,-1,-5,4,0,-3,-8,-4,-4,3,-6,9,-4,0]
   y: [6,5,4,3,2,1,0,-1,-2,-3,-4,-5,-6,-7,-8]
   maxDistance: 32
   scale: 1

 - problem: 46
   correct_answer: 10
   x: [-3,-10,-6,-9,-8,-4,-6,-3,4,-6,7,3,-6,-1,4]
   y: [-1,-2,-3,-4,-5,-6,-7,-8,-9,-10,-11,-12,-13,-14,-15]
   maxDistance: 53
   scale: 1

 - problem: 47
   correct_answer: 6
   x: [5,8,-10,0,8,-10,1,-9,3,-8,3,-1,1,5,-8]
   y: [-5,-6,-7,-8,-9,-10,-11,-12,-13,-14,-15,-16,-17,-18,-19]
   maxDistance: 41
   scale: 1

 - problem: 48
   correct_answer: 7
   x: [8,-9,-7,2,-1,-1,6,1,-5,-5,-9,-7,-1,3,7]
   y: [6,5,4,3,2,1,0,-1,-2,-3,-4,-5,-6,-7,-8]
   maxDistance: 28
   scale: 1

 - problem: 49
   correct_answer: 15
   x: [2,5,7,-5,7,-1,7,5,-2,-4,-4,4,4,5,-1]
   y: [-5,-6,-7,-8,-9,-10,-11,-12,-13,-14,-15,-16,-17,-18,-19]
   maxDistance: 125
   scale: 1

 - problem: 50
   correct_answer: 13
   x: [-8,-7,-1,-6,6,6,6,0,9,-4,-1,-5,-10,-9,1]
   y: [-7,-8,-9,-10,-11,-12,-13,-14,-15,-16,-17,-18,-19,-20,-21]
   maxDistance: 92
   scale: 1

 - problem: 51
   correct_answer: 4
   x: [-7,-4,5,6,10,4,-2,-3,4,-6,3,5,7,1,3]
   y: [10,9,8,7,6,5,4,3,2,1,0,-1,-2,-3,-4]
   maxDistance: 18
   scale: 1

 - problem: 52
   correct_answer: 8
   x: [-3,-8,-6,8,6,8,5,-1,3,9,-7,-7,-4,-2,-8]
   y: [1,0,-1,-2,-3,-4,-5,-6,-7,-8,-9,-10,-11,-12,-13]
   maxDistance: 44
   scale: 1

 - problem: 53
   correct_answer: 14
   x: [-2,-7,-6,-9,2,-10,-7,9,-1,-6,-7,-10,-3,7,5]
   y: [1,0,-1,-2,-3,-4,-5,-6,-7,-8,-9,-10,-11,-12,-13]
   maxDistance: 102
   scale: 1

 - problem: 54
   correct_answer: 11
   x: [10,2,8,10,-5,10,-3,10,-3,7,3,-7,9,1,-7]
   y: [-10,-11,-12,-13,-14,-15,-16,-17,-18,-19,-20,-21,-22,-23,-24]
   maxDistance: 92
   scale: 1

 - problem: 55
   correct_answer: 15
   x: [4,6,-9,-3,8,4,8,4,9,1,4,-9,-3,7,-4]
   y: [-10,-11,-12,-13,-14,-15,-16,-17,-18,-19,-20,-21,-22,-23,-24]
   maxDistance: 187
   scale: 1

 - problem: 56
   correct_answer: 14
   x: [-9,7,3,9,4,-2,6,6,5,-10,9,7,-4,3,-9]
   y: [-2,-3,-4,-5,-6,-7,-8,-9,-10,-11,-12,-13,-14,-15,-16]
   maxDistance: 132
   scale: 1

 - problem: 57
   correct_answer: 13
   x: [2,-2,0,6,-10,0,-9,-2,4,-3,1,1,-7,10,4]
   y: [9,8,7,6,5,4,3,2,1,0,-1,-2,-3,-4,-5]
   maxDistance: 94
   scale: 1

 - problem: 58
   correct_answer: 5
   x: [8,-8,-6,-2,3,-5,9,-8,-9,-6,1,-6,-1,1,2]
   y: [7,6,5,4,3,2,1,0,-1,-2,-3,-4,-5,-6,-7]
   maxDistance: 25
   scale: 1

 - problem: 59
   correct_answer: 8
   x: [0,5,-3,-10,-3,-7,-5,9,-9,3,-8,2,6,-2,5]
   y: [7,6,5,4,3,2,1,0,-1,-2,-3,-4,-5,-6,-7]
   maxDistance: 39
   scale: 1

 - problem: 60
   correct_answer: 13
   x: [10,-5,-1,4,6,-7,7,4,-5,-9,6,9,3,7,-6]
   y: [10,9,8,7,6,5,4,3,2,1,0,-1,-2,-3,-4]
   maxDistance: 90
   scale: 1

 - problem: 61
   correct_answer: 4
   x: [-1,3,-4,8,-3,-10,-7,-6,4,-8,-8,2,-3,-1,7,-2,-8,-4,-6,6]
   y: [4,3,2,1,0,-1,-2,-3,-4,-5,-6,-7,-8,-9,-10,-11,-12,-13,-14,-15]
   maxDistance: 22
   scale: 1

 - problem: 62
   correct_answer: 20
   x: [-10,-4,-1,9,6,5,-4,7,-4,2,-4,8,4,7,2,-3,0,-10,2,10]
   y: [3,2,1,0,-1,-2,-3,-4,-5,-6,-7,-8,-9,-10,-11,-12,-13,-14,-15,-16]
   maxDistance: 198
   scale: 1

 - problem: 63
   correct_answer: 20
   x: [-3,-10,6,-3,1,-1,-2,-9,-6,1,6,3,-10,1,4,-8,-1,-4,2,2]
   y: [9,8,7,6,5,4,3,2,1,0,-1,-2,-3,-4,-5,-6,-7,-8,-9,-10]
   maxDistance: 142
   scale: 1

 - problem: 64
   correct_answer: 4
   x: [-10,2,5,2,9,5,-8,-5,10,0,8,9,-10,6,2,4,0,0,-9,7]
   y: [7,6,5,4,3,2,1,0,-1,-2,-3,-4,-5,-6,-7,-8,-9,-10,-11,-12]
   maxDistance: 24
   scale: 1

 - problem: 65
   correct_answer: 5
   x: [-3,1,-5,-7,10,-8,5,-7,0,-2,8,6,-2,8,7,4,-10,1,1,-9]
   y: [-2,-3,-4,-5,-6,-7,-8,-9,-10,-11,-12,-13,-14,-15,-16,-17,-18,-19,-20,-21]
   maxDistance: 26
   scale: 1

 - problem: 66
   correct_answer: 19
   x: [8,-2,4,-5,7,2,-5,2,-2,3,1,-10,6,7,1,-3,5,6,10,3]
   y: [5,4,3,2,1,0,-1,-2,-3,-4,-5,-6,-7,-8,-9,-10,-11,-12,-13,-14]
   maxDistance: 131
   scale: 1

 - problem: 67
   correct_answer: 20
   x: [0,6,-5,-1,-4,-9,-8,-1,9,8,2,0,-6,5,8,-7,-3,9,-2,-3]
   y: [-6,-7,-8,-9,-10,-11,-12,-13,-14,-15,-16,-17,-18,-19,-20,-21,-22,-23,-24,-25]
   maxDistance: 328
   scale: 1

 - problem: 68
   correct_answer: 14
   x: [-2,-1,-9,3,6,-9,-1,6,-7,1,4,2,-7,-2,-2,-4,9,-10,0,3]
   y: [-1,-2,-3,-4,-5,-6,-7,-8,-9,-10,-11,-12,-13,-14,-15,-16,-17,-18,-19,-20]
   maxDistance: 81
   scale: 1

 - problem: 69
   correct_answer: 14
   x: [-2,2,10,5,-4,-1,6,-8,4,8,-2,-7,-4,-6,10,-1,6,-5,-5,-2]
   y: [2,1,0,-1,-2,-3,-4,-5,-6,-7,-8,-9,-10,-11,-12,-13,-14,-15,-16,-17]
   maxDistance: 76
   scale: 1

 - problem: 70
   correct_answer: 20
   x: [-10,10,-2,3,-9,-8,7,-6,1,-2,8,9,-9,3,-3,4,-8,-5,-3,3]
   y: [-7,-8,-9,-10,-11,-12,-13,-14,-15,-16,-17,-18,-19,-20,-21,-22,-23,-24,-25,-26]
   maxDistance: 323
   scale: 1

 - problem: 71
   correct_answer: 20
   x: [-3,-1,4,7,-10,-7,2,-5,10,7,-8,2,0,0,-8,9,0,-6,6,-1]
   y: [-1,-2,-3,-4,-5,-6,-7,-8,-9,-10,-11,-12,-13,-14,-15,-16,-17,-18,-19,-20]
   maxDistance: 179
   scale: 1

 - problem: 72
   correct_answer: 11
   x: [10,-7,0,9,-7,5,10,-9,-2,-8,-5,-1,5,-5,1,8,-5,6,-3,2]
   y: [9,8,7,6,5,4,3,2,1,0,-1,-2,-3,-4,-5,-6,-7,-8,-9,-10]
   maxDistance: 69
   scale: 1

 - problem: 73
   correct_answer: 16
   x: [0,-1,10,1,9,-2,-1,-1,-9,2,1,-2,-1,-9,2,5,-5,-10,6,-7]
   y: [0,-1,-2,-3,-4,-5,-6,-7,-8,-9,-10,-11,-12,-13,-14,-15,-16,-17,-18,-19]
   maxDistance: 94
   scale: 1

 - problem: 74
   correct_answer: 17
   x: [-2,8,-7,4,-5,3,7,-4,8,8,0,3,-9,-2,8,-5,-1,-1,4,10]
   y: [2,1,0,-1,-2,-3,-4,-5,-6,-7,-8,-9,-10,-11,-12,-13,-14,-15,-16,-17]
   maxDistance: 130
   scale: 1

 - problem: 75
   correct_answer: 20
   x: [0,-10,10,7,1,-6,-10,10,-4,-1,3,-7,5,-10,2,6,9,1,-4,4]
   y: [-4,-5,-6,-7,-8,-9,-10,-11,-12,-13,-14,-15,-16,-17,-18,-19,-20,-21,-22,-23]
   maxDistance: 253
   scale: 1

 - problem: 76
   correct_answer: 6
   x: [2,-4,5,7,-8,2,-5,-9,-3,10,9,-7,5,10,-2,-3,-4,0,4,-4]
   y: [6,5,4,3,2,1,0,-1,-2,-3,-4,-5,-6,-7,-8,-9,-10,-11,-12,-13]
   maxDistance: 32
   scale: 1

 - problem: 77
   correct_answer: 7
   x: [-5,9,7,-1,-7,-7,9,-9,10,6,7,-8,10,8,-8,-4,3,9,9,2]
   y: [4,3,2,1,0,-1,-2,-3,-4,-5,-6,-7,-8,-9,-10,-11,-12,-13,-14,-15]
   maxDistance: 35
   scale: 1

 - problem: 78
   correct_answer: 20
   x: [-5,-10,9,-7,6,-7,-2,-8,-9,4,1,-3,-4,4,1,-10,-1,-5,-1,-8]
   y: [5,4,3,2,1,0,-1,-2,-3,-4,-5,-6,-7,-8,-9,-10,-11,-12,-13,-14]
   maxDistance: 173
   scale: 1

 - problem: 79
   correct_answer: 17
   x: [-9,5,-5,-10,9,6,2,-8,3,3,10,-3,6,-1,-6,4,1,-7,0,7]
   y: [8,7,6,5,4,3,2,1,0,-1,-2,-3,-4,-5,-6,-7,-8,-9,-10,-11]
   maxDistance: 130
   scale: 1

 - problem: 80
   correct_answer: 19
   x: [-5,-10,-7,10,7,1,-10,4,0,10,3,3,-2,5,9,-10,1,2,6,-6]
   y: [8,7,6,5,4,3,2,1,0,-1,-2,-3,-4,-5,-6,-7,-8,-9,-10,-11]
   maxDistance: 153
   scale: 1

 - problem: 81
   correct_answer: 25
   x: [5,-2,6,2,9,7,-8,2,10,-8,7,4,-3,-10,4,-2,1,-4,-9,1,4,-2,1,7,-8]
   y: [3,2,1,0,-1,-2,-3,-4,-5,-6,-7,-8,-9,-10,-11,-12,-13,-14,-15,-16,-17,-18,-19,-20,-21]
   maxDistance: 234
   scale: 1

 - problem: 82
   correct_answer: 25
   x: [-7,6,5,6,-1,3,6,4,-3,2,-2,-6,9,-1,-9,10,-1,-7,-6,9,8,-9,2,-3,-5]
   y: [-7,-8,-9,-10,-11,-12,-13,-14,-15,-16,-17,-18,-19,-20,-21,-22,-23,-24,-25,-26,-27,-28,-29,-30,-31]
   maxDistance: 514
   scale: 1

 - problem: 83
   correct_answer: 23
   x: [1,-3,1,-7,-5,-6,-8,3,1,-5,-1,-4,0,3,7,10,4,-10,-2,-6,6,-2,-1,8,1]
   y: [-8,-9,-10,-11,-12,-13,-14,-15,-16,-17,-18,-19,-20,-21,-22,-23,-24,-25,-26,-27,-28,-29,-30,-31,-32]
   maxDistance: 155
   scale: 1

 - problem: 84
   correct_answer: 24
   x: [7,4,-9,-7,1,10,-1,-10,-5,9,4,-4,-6,-7,-9,3,2,9,-10,4,10,-3,4,9,-10]
   y: [9,8,7,6,5,4,3,2,1,0,-1,-2,-3,-4,-5,-6,-7,-8,-9,-10,-11,-12,-13,-14,-15]
   maxDistance: 224
   scale: 1

 - problem: 85
   correct_answer: 25
   x: [5,-7,-10,-7,3,-3,-2,-7,-9,5,-8,-10,-3,1,4,6,-6,7,10,-3,-6,8,-9,-5,-2]
   y: [4,3,2,1,0,-1,-2,-3,-4,-5,-6,-7,-8,-9,-10,-11,-12,-13,-14,-15,-16,-17,-18,-19,-20]
   maxDistance: 287
   scale: 1

 - problem: 86
   correct_answer: 25
   x: [-6,2,10,-2,-1,5,7,4,1,-9,5,-4,-1,-10,2,-8,-6,2,-7,-10,-1,4,-6,-7,-3]
   y: [5,4,3,2,1,0,-1,-2,-3,-4,-5,-6,-7,-8,-9,-10,-11,-12,-13,-14,-15,-16,-17,-18,-19]
   maxDistance: 242
   scale: 1

 - problem: 87
   correct_answer: 16
   x: [-2,5,-3,0,-5,0,6,1,-4,-2,10,-5,5,-1,5,7,2,9,-2,4,0,10,7,-3,-10]
   y: [6,5,4,3,2,1,0,-1,-2,-3,-4,-5,-6,-7,-8,-9,-10,-11,-12,-13,-14,-15,-16,-17,-18]
   maxDistance: 84
   scale: 1

 - problem: 88
   correct_answer: 25
   x: [5,4,0,7,4,4,3,6,5,-9,3,-8,2,4,-3,8,-6,-6,10,3,7,6,-3,-7,-4]
   y: [-7,-8,-9,-10,-11,-12,-13,-14,-15,-16,-17,-18,-19,-20,-21,-22,-23,-24,-25,-26,-27,-28,-29,-30,-31]
   maxDistance: 382
   scale: 1

 - problem: 89
   correct_answer: 22
   x: [4,6,-3,-8,-6,-9,-5,-4,2,1,1,9,-9,-9,4,1,-8,7,7,-9,-6,-6,7,-9,-8]
   y: [-3,-4,-5,-6,-7,-8,-9,-10,-11,-12,-13,-14,-15,-16,-17,-18,-19,-20,-21,-22,-23,-24,-25,-26,-27]
   maxDistance: 140
   scale: 1

 - problem: 90
   correct_answer: 25
   x: [-9,1,0,-3,-3,-10,-5,-1,-10,-5,-7,-8,3,-9,-5,-3,-8,2,-2,-10,3,-2,-3,-2,-5]
   y: [2,1,0,-1,-2,-3,-4,-5,-6,-7,-8,-9,-10,-11,-12,-13,-14,-15,-16,-17,-18,-19,-20,-21,-22]
   maxDistance: 244
   scale: 1

 - problem: 91
   correct_answer: 25
   x: [-6,-3,-2,7,-8,2,-8,-3,2,-3,8,3,-2,4,10,-8,2,-1,-6,-4,-6,9,2,-3,7]
   y: [-8,-9,-10,-11,-12,-13,-14,-15,-16,-17,-18,-19,-20,-21,-22,-23,-24,-25,-26,-27,-28,-29,-30,-31,-32]
   maxDistance: 546
   scale: 1

 - problem: 92
   correct_answer: 18
   x: [0,-7,-4,5,4,-3,-4,-10,-2,2,5,-5,-6,4,6,5,4,8,5,-3,4,-10,-10,3,10]
   y: [10,9,8,7,6,5,4,3,2,1,0,-1,-2,-3,-4,-5,-6,-7,-8,-9,-10,-11,-12,-13,-14]
   maxDistance: 93
   scale: 1

 - problem: 93
   correct_answer: 17
   x: [8,-1,9,-1,10,-9,8,2,-4,3,8,0,-10,8,-10,6,3,-10,10,-7,5,-3,-9,-2,2]
   y: [3,2,1,0,-1,-2,-3,-4,-5,-6,-7,-8,-9,-10,-11,-12,-13,-14,-15,-16,-17,-18,-19,-20,-21]
   maxDistance: 118
   scale: 1

 - problem: 94
   correct_answer: 23
   x: [-2,-10,-1,-9,9,1,-9,-3,-8,5,-5,-10,8,5,-1,6,-10,9,-8,7,7,8,5,-9,-5]
   y: [10,9,8,7,6,5,4,3,2,1,0,-1,-2,-3,-4,-5,-6,-7,-8,-9,-10,-11,-12,-13,-14]
   maxDistance: 202
   scale: 1

 - problem: 95
   correct_answer: 25
   x: [2,-6,1,-1,9,-4,5,9,-9,0,5,8,-2,-10,4,-9,3,-1,-4,5,-8,-9,7,-9,2]
   y: [-3,-4,-5,-6,-7,-8,-9,-10,-11,-12,-13,-14,-15,-16,-17,-18,-19,-20,-21,-22,-23,-24,-25,-26,-27]
   maxDistance: 289
   scale: 1

 - problem: 96
   correct_answer: 12
   x: [3,2,6,8,1,8,0,10,0,5,-10,3,8,-1,-7,-9,-4,9,-6,6,8,9,4,3,4]
   y: [6,5,4,3,2,1,0,-1,-2,-3,-4,-5,-6,-7,-8,-9,-10,-11,-12,-13,-14,-15,-16,-17,-18]
   maxDistance: 58
   scale: 1

 - problem: 97
   correct_answer: 23
   x: [0,7,1,-4,7,8,-4,3,0,-7,2,-6,8,8,6,-7,-4,-2,2,-6,8,-3,3,1,3]
   y: [7,6,5,4,3,2,1,0,-1,-2,-3,-4,-5,-6,-7,-8,-9,-10,-11,-12,-13,-14,-15,-16,-17]
   maxDistance: 162
   scale: 1

 - problem: 98
   correct_answer: 25
   x: [1,2,-5,-2,-6,-5,-3,-1,-7,2,6,-8,-9,-3,-9,10,8,5,7,-9,2,-1,0,4,-5]
   y: [4,3,2,1,0,-1,-2,-3,-4,-5,-6,-7,-8,-9,-10,-11,-12,-13,-14,-15,-16,-17,-18,-19,-20]
   maxDistance: 271
   scale: 1

 - problem: 99
   correct_answer: 25
   x: [6,-9,-5,-9,-4,-10,-2,10,2,-1,3,3,-1,-3,9,5,-10,0,0,5,9,5,2,0,10]
   y: [-2,-3,-4,-5,-6,-7,-8,-9,-10,-11,-12,-13,-14,-15,-16,-17,-18,-19,-20,-21,-22,-23,-24,-25,-26]
   maxDistance: 391
   scale: 1

 - problem: 100
   correct_answer: 23
   x: [9,1,1,-5,2,1,0,2,9,2,-4,-4,9,-10,7,3,4,0,-6,9,0,2,-5,-2,1]
   y: [-8,-9,-10,-11,-12,-13,-14,-15,-16,-17,-18,-19,-20,-21,-22,-23,-24,-25,-26,-27,-28,-29,-30,-31,-32]
   maxDistance: 150
   scale: 1
